data_base17_ddf_parallax_150.1_2.18.csv
# %ECSV 0.9
# ---
# datatype:
# - {name: MJD, datatype: float64}
# - {name: ra_pi_amp, datatype: float64}
# - {name: dec_pi_amp, datatype: float64}
# - {name: filter, datatype: string}
# - {name: seeingFWHM, datatype: float64}
# - {name: snr, datatype: float64}
# - {name: position_errors, datatype: float64}
# - {name: fiveSigmaDepth, datatype: float64}
# - {name: fieldRA, datatype: float64}
# - {name: fieldDec, datatype: float64}
# schema: astropy-2.0
MJD ra_pi_amp dec_pi_amp filter seeingFWHM snr position_errors fiveSigmaDepth fieldRA fieldDec
[from data line 3687]
62514.22607666012 0.5314777548640366 -0.341450078394062 z 1.0719003752812433 55.400624445700785 0.02177961100711947 22.611361638877856 149.96019194096925 1.5612093874593471
62514.22982666008 0.5314275154469889 -0.3414389285538668 z 0.9053412898832168 66.56971522664811 0.016880675530634576 22.8107667369635 149.96019194096925 1.5612093874593471
62514.22649332678 0.5314721728594324 -0.3414488395961814 z 1.0710848180219714 55.47818035990513 0.021742531847928823 22.61288050946498 149.96019194096925 1.5612093874593471
62514.22690999344 0.5314665907630493 -0.34144760078175185 z 1.1156801946496606 53.18402455857098 0.02323930344697373 22.56702798493606 149.96019194096925 1.5612093874593471
62514.231076660064 0.5314107684248609 -0.3414352116091938 z 0.8595273830206049 70.47108662108377 0.015772250326489046 22.87260240942087 149.96019194096925 1.5612093874593471
62514.26945628934 0.5308964491969822 -0.34132100733307286 y 0.653684165840339 44.65689230108504 0.017727628141790703 22.37729623161814 149.96019194096925 1.5612093874593471
62514.22857666009 0.531444262194138 -0.34144264533323054 z 0.9960340041968957 60.06751057758346 0.019363876460405067 22.699174072989486 149.96019194096925 1.5612093874593471
62514.269039622675 0.5309020342242067 -0.34132224801886113 y 0.653871510485097 44.630659809935935 0.01773819986689017 22.376658257667064 149.96019194096925 1.5612093874593471
62514.26487295605 0.530957882389831 -0.3413346538994693 y 0.7637624087795903 37.61767749958324 0.022632352104591275 22.191054936344486 149.96019194096925 1.5612093874593471
62514.22899332675 0.531438679914555 -0.3414414064231758 z 1.0271049672400732 58.1880337416224 0.020287305848604154 22.664659194156236 149.96019194096925 1.5612093874593471
62514.26570628938 0.5309467128849819 -0.3413321728720187 y 0.7709553963758059 37.26798098362573 0.022977028433519144 22.180914652194158 149.96019194096925 1.5612093874593471
62514.2665396227 0.5309355434717328 -0.3413296917674596 y 0.7827371695507407 36.69313945491682 0.023559567043771677 22.16403716781507 149.96019194096925 1.5612093874593471
62514.26862295601 0.5309076191594734 -0.34132348869105267 y 0.7203291426746249 40.18149504983814 0.0205273791953164 22.262640218387112 149.96019194096925 1.5612093874593471
62514.26820628935 0.5309132040950979 -0.3413247293438328 y 0.7180962365939865 40.30494088509564 0.020431117247964987 22.265970710443447 149.96019194096925 1.5612093874593471
62514.265289622715 0.5309522978204275 -0.3413334133954497 y 0.7635096335276866 37.64453631437631 0.022613334918687323 22.19182986940579 149.96019194096925 1.5612093874593471
62514.266956289364 0.5309299586275292 -0.3413284511889255 y 0.7863908714924862 36.523466000281815 0.023740025790414725 22.159004950292275 149.96019194096925 1.5612093874593471
62514.26737295603 0.5309243738749259 -0.34132721059330595 y 0.7861462136493862 36.54840229975649 0.023720632870153826 22.159745980864866 149.96019194096925 1.5612093874593471
62514.26778962269 0.5309187889394803 -0.34132596997818554 y 0.7183123751521328 40.28056429984541 0.020445200243217845 22.265313854302853 149.96019194096925 1.5612093874593471
60329.259450483594 0.43260282710254155 -0.31784889731287724 y 0.671014533374685 43.59119055884052 0.018356341706736397 22.35107181564279 149.91757582381936 1.5859983724766646
60329.26028381692 0.43259082743588695 -0.31784585267936905 y 0.6935712493360102 42.08508953748219 0.01927686250588406 22.312895627883496 149.91757582381936 1.5859983724766646
60329.26236715023 0.432560827765898 -0.31783824080331063 y 0.6753600088364609 43.355785830046145 0.018510751222390893 22.345192644866493 149.91757582381936 1.5859983724766646
60329.26278381689 0.4325548277950813 -0.3178367183799731 y 0.6752373043877876 43.37239196071906 0.01850335220755646 22.345608423866402 149.91757582381936 1.5859983724766646
60329.261533816905 0.4325728277071736 -0.31784128560490116 y 0.6872638211296502 42.527366957931406 0.019004262518710527 22.324246225686363 149.91757582381936 1.5859983724766646
60329.263200483554 0.43254882782480136 -0.31783519593302006 y 0.6524338009069791 45.02792294786663 0.017605303508939577 22.386279774783763 149.91757582381936 1.5859983724766646
60329.263617150216 0.4325428276707847 -0.3178336734696076 y 0.6523207301269028 45.04466451848947 0.017598805948359966 22.386683381032242 149.91757582381936 1.5859983724766646
60329.26403381688 0.4325368277001469 -0.31783215099268775 y 0.7348440575149668 39.60812032834892 0.02107626036902197 22.247035570909404 149.91757582381936 1.5859983724766646
60329.26445048354 0.4325308275464881 -0.31783062849787724 y 0.7347212839440809 39.62240332115785 0.021067646103340804 22.247427025158565 149.91757582381936 1.5859983724766646
60329.2648671502 0.4325248274844292 -0.3178291059865179 y 0.6981155339946427 41.87472661037117 0.019440672103728386 22.307454950794906 149.91757582381936 1.5859983724766646
60329.265283816865 0.4325188273305915 -0.3178275834565524 y 0.6980048609802283 41.88935887675158 0.019433412908236535 22.307834272826206 149.91757582381936 1.5859983724766646
60329.26570048353 0.43251282717675377 -0.31782606091012744 y 0.7098890773622955 41.13993281021617 0.019943706112312772 22.28823393433259 149.91757582381936 1.5859983724766646
60329.23273752086 0.4329874346573141 -0.3179464584463405 z 0.7481349851844779 83.57516906997192 0.013421322315352636 23.05776814873432 149.91757582381936 1.5859983724766646
60329.2323208542 0.43299343288773123 -0.3179479796379088 z 0.7484943900746958 83.4985333576497 0.01342967619016114 23.056772107202082 149.91757582381936 1.5859983724766646
60329.26611715019 0.4325068269311372 -0.3178245383451857 y 0.7097819782959932 41.1538491678504 0.01993640642667108 22.28860114296252 149.91757582381936 1.5859983724766646
60329.26653381685 0.43250082668587836 -0.31782301576575256 y 0.6628242698092945 44.32530675052824 0.01798919321314494 22.36920436363821 149.91757582381936 1.5859983724766646
60329.23190418754 0.4329994312101062 -0.3179495008166852 z 0.7620513515195398 81.87138928398053 0.013661520763450901 23.035405389258905 149.91757582381936 1.5859983724766646
60329.266950483514 0.43249482644061954 -0.31782149316789216 y 0.6627300175713468 44.33980665463076 0.017983361722226254 22.369559476723513 149.91757582381936 1.5859983724766646
60329.267367150176 0.4324888262867818 -0.31781997055419847 y 0.6740639295806551 43.53935775756685 0.018430504616108165 22.349780035511415 149.91757582381936 1.5859983724766646
60329.231487520876 0.4330054294403445 -0.31795102197542424 z 0.7624245600479752 81.7954416046336 0.013670521164848156 23.034397742802927 149.91757582381936 1.5859983724766646
60329.26111715024 0.43257882767763245 -0.31784280797948666 y 0.669990871235205 43.70770349988415 0.01830232426611811 22.35396995988367 149.91757582381936 1.5859983724766646
60329.26195048357 0.43256682773653576 -0.31783976321448243 y 0.687133348527536 42.54413362073209 0.01899623947061813 22.32467419916626 149.91757582381936 1.5859983724766646
60329.23107085421 0.4330114276711195 -0.3179525431177039 z 0.7628012846560693 81.71912630806764 0.01367960315255948 23.033384276082103 149.91757582381936 1.5859983724766646
60329.23065418755 0.43301742590171555 -0.3179540642450448 z 0.7631815366484711 81.64244364952602 0.01368876729113421 23.032364977053668 149.91757582381936 1.5859983724766646
60329.23023752089 0.43302342404089056 -0.3179555853544951 z 0.846043691311026 73.0930890105706 0.015296333987396927 22.91226577948684 149.91757582381936 1.5859983724766646
60329.22232085431 0.4331373853845752 -0.31798448317223343 z 0.8706821061728418 70.29221045396868 0.015919424465285985 22.869842990745965 149.91757582381936 1.5859983724766646
60329.26070048358 0.43258482755667027 -0.3178443303391335 y 0.6701231092540508 43.68998665154326 0.018310066160107566 22.353529769212543 149.91757582381936 1.5859983724766646
60329.22607085427 0.43308340478983065 -0.31797079550151114 z 0.8153752707499448 75.71958254769825 0.014695490743582926 22.95059551659528 149.91757582381936 1.5859983724766646
60329.22982085423 0.43302942217988666 -0.3179571064473966 z 0.8464759296659171 73.02371375371936 0.015309138264439236 22.911234779186906 149.91757582381936 1.5859983724766646
60329.25986715026 0.4325968274065248 -0.3178473750052921 y 0.6937140296907424 42.06755612915319 0.01928563721007364 22.31244319632082 149.91757582381936 1.5859983724766646
60329.22648752093 0.4330774068340345 -0.3179692745653314 z 0.7407736044211474 83.95540209173724 0.013336142803225698 23.06269660404825 149.91757582381936 1.5859983724766646
60329.22690418759 0.43307140878645944 -0.31796775360902485 z 0.7403727949027323 84.03882497806364 0.013327196252386111 23.063774917952422 149.91757582381936 1.5859983724766646
60329.227320854254 0.43306541073888444 -0.31796623263634827 z 0.7399754983361817 84.12186897083114 0.013318328903938992 23.06484727172009 149.91757582381936 1.5859983724766646
60329.229404187565 0.4330354204103038 -0.3179586275187399 z 0.7643435719032611 81.41019402928069 0.013716758357819901 23.029271963713114 149.91757582381936 1.5859983724766646
60329.227737520916 0.4330594126916672 -0.3179647116450655 z 0.7395817025575224 84.2045338229124 0.013309540179718509 23.06591367875418 149.91757582381936 1.5859983724766646
60329.22815418758 0.43305341473604997 -0.3179631906430484 z 0.7072835552812639 88.39101256713724 0.012807347210068154 23.11859526167774 149.91757582381936 1.5859983724766646
60329.22857085424 0.43304741659669604 -0.31796166961661054 z 0.7069146865082422 88.47690664405485 0.012799892452601732 23.119649814892718 149.91757582381936 1.5859983724766646
60329.2289875209 0.43304141845787886 -0.31796014857666527 z 0.7647380490532814 81.33204444160556 0.01372625687957704 23.02822921237769 149.91757582381936 1.5859983724766646
61823.16992785179 -0.08333335547935812 -0.15249255931469521 y 0.6900835646056248 42.22431697729209 0.01915992149542954 22.316481571985317 149.83195138333912 1.5907500680101654
61823.16951118513 -0.08332657244880273 -0.15249510997601728 y 0.6902251104929149 42.204594413983294 0.019169297726906818 22.3159743168029 149.83195138333912 1.5907500680101654
61823.16909451847 -0.08331978951020512 -0.15249766062937803 y 0.67684111996136 43.09797374485312 0.018618213474301995 22.33871711977551 149.83195138333912 1.5907500680101654
61823.168677851805 -0.08331300647982863 -0.15250021127361454 y 0.6769850891722413 43.07735634653169 0.01862737375304811 22.33819759623649 149.83195138333912 1.5907500680101654
61823.16826118514 -0.08330622354105212 -0.15250276191060538 y 0.6771317757307906 43.056505172070736 0.018636669941635334 22.337671928977016 149.83195138333912 1.5907500680101654
61823.16784451848 -0.08329944051067563 -0.15250531253891925 y 0.6772811836524892 43.035420311744524 0.018646102515820606 22.337140111467825 149.83195138333912 1.5907500680101654
61823.16742785182 -0.08329265738852026 -0.15250786316025577 y 0.6774333170308594 43.01410185512231 0.01865567195945026 22.33660213705321 149.83195138333912 1.5907500680101654
61823.167011185156 -0.08328587445010156 -0.15251041377354152 y 0.6775881800377813 42.992549891064485 0.01866537876451348 22.336057998950494 149.83195138333912 1.5907500680101654
61823.166594518494 -0.08327909141954618 -0.15251296437627182 y 0.6777457769238 42.97076450772285 0.018675223431195122 22.335507690249617 149.83195138333912 1.5907500680101654
61823.16617785183 -0.08327230829792752 -0.15251551496952007 y 0.6779061120184479 42.94874579253619 0.018685206467931245 22.334951203912574 149.83195138333912 1.5907500680101654
61823.16576118517 -0.08326552526737212 -0.15251806555713276 y 0.6900236461212768 42.12219307998904 0.019192517237578324 22.31385242546155 149.83195138333912 1.5907500680101654
61823.16534451851 -0.08325874223681673 -0.15252061613624743 y 0.6901926372756477 42.10012925746314 0.019203272234521174 22.313283562223994 149.83195138333912 1.5907500680101654
61823.164927851845 -0.08325195929821913 -0.1525231667074008 y 0.6903644326462913 42.07783672814721 0.01921417380821717 22.312708499463653 149.83195138333912 1.5907500680101654
61823.16451118518 -0.08324517617642158 -0.15252571727068223 y 0.6905390369708352 42.055315575023464 0.019225222522133253 22.312127229625688 149.83195138333912 1.5907500680101654
61823.16409451852 -0.08323839305462401 -0.15252826782466058 y 0.6907164550691443 42.032565880363705 0.019236418948614113 22.31153974502471 149.83195138333912 1.5907500680101654
61823.16367785186 -0.08323161002424753 -0.15253081836933582 y 0.6908966918437086 42.00958772572552 0.019247763668946535 22.310946037844197 149.83195138333912 1.5907500680101654
61823.1632611852 -0.08322482699369213 -0.15253336890542352 y 0.6910797522799986 41.986381191950755 0.019259257273423192 22.31034610013595 149.83195138333912 1.5907500680101654
61823.162844518534 -0.08321804387207349 -0.15253591943578626 y 0.6912656414468582 41.962946359163 0.019270900361408647 22.309739923819514 149.83195138333912 1.5907500680101654
61823.16242785187 -0.0832112608415181 -0.1525384699596189 y 0.6694600293335106 43.43318835282271 0.018373290774723383 22.34712926744766 149.83195138333912 1.5907500680101654
61823.16201118521 -0.08320447781149942 -0.15254102046931797 y 0.6702705878419705 43.35078898898159 0.018413572941256773 22.345067504385035 149.83195138333912 1.5907500680101654
61067.221951384876 0.31936444538871667 -0.28689192646616024 z 0.735996614962117 85.71553603803075 0.013180592371429291 23.085223852721747 149.71558097921974 1.5991865974191373
61067.22236805154 0.3193580675708663 -0.28689011136864817 z 0.7357236894763414 85.77643168597328 0.013174550305152018 23.08599492804778 149.71558097921974 1.5991865974191373
61067.2227847182 0.3193516896617738 -0.2868882962577181 z 0.7354539264972936 85.833499429829 0.01316879315634071 23.086717036815134 149.71558097921974 1.5991865974191373
61067.22320138486 0.3193453118446391 -0.2868864811297025 z 0.7351873183228503 85.89016926343332 0.01316309674845247 23.087433635671466 149.71558097921974 1.5991865974191373
61067.223618051525 0.31933893411874653 -0.2868846659884478 z 0.7349238573518602 85.9464410131441 0.013157460745779462 23.088144733010406 149.71558097921974 1.5991865974191373
61067.22403471819 0.3193325562094751 -0.28688285082885523 z 0.7346635360835222 86.00231450397862 0.0131518848169416 23.08885033711714 149.71558097921974 1.5991865974191373
61067.22445138485 0.3193261783009193 -0.2868810356549502 z 0.7191356532065882 88.02764704907435 0.012912768011631796 23.114122722806094 149.71558097921974 1.5991865974191373
61067.22486805151 0.3193198003000479 -0.28687922046521197 z 0.7188872746102761 88.08398418824781 0.012907679848121188 23.114817364872945 149.71558097921974 1.5991865974191373
61067.22528471817 0.31931342239131316 -0.2868774052582987 z 0.7186419440411912 88.13991340729189 0.012902646890590338 23.115506537918 149.71558097921974 1.5991865974191373
61067.225701384836 0.3193070443904418 -0.28687559004199287 z 0.7183996545530106 88.19543452180136 0.012897668842686606 23.11619024979825 149.71558097921974 1.5991865974191373
61067.2261180515 0.31930066657294925 -0.2868737748065441 z 0.7181603992946769 88.25054734603293 0.012892745411963244 23.116868508264975 149.71558097921974 1.5991865974191373
61067.22653471816 0.3192942885724357 -0.28687195955168393 z 0.7179241715098426 88.3052516929148 0.01288787630984394 23.117541320964317 149.71558097921974 1.5991865974191373
61067.22695138482 0.3192879105717432 -0.2868701442868946 z 0.7176909645363398 88.35954737405447 0.01288306125158813 23.118208695437815 149.71558097921974 1.5991865974191373
61067.227368051485 0.31928153257122965 -0.2868683290034095 z 0.7174607718056547 88.41343419974112 0.012878299956257127 23.11887063912286 149.71558097921974 1.5991865974191373
61067.22778471815 0.31927515447857935 -0.2868665137076693 z 0.7713500005139322 81.81158147020186 0.013743878388392512 23.034611958991388 149.71558097921974 1.5991865974191373
