data_base17_ddf_parallax_9.45_-44.csv
# %ECSV 0.9
# ---
# datatype:
# - {name: MJD, datatype: float64}
# - {name: ra_pi_amp, datatype: float64}
# - {name: dec_pi_amp, datatype: float64}
# - {name: filter, datatype: string}
# - {name: seeingFWHM, datatype: float64}
# - {name: snr, datatype: float64}
# - {name: position_errors, datatype: float64}
# - {name: fiveSigmaDepth, datatype: float64}
# - {name: fieldRA, datatype: float64}
# - {name: fieldDec, datatype: float64}
# schema: astropy-2.0
MJD ra_pi_amp dec_pi_amp filter seeingFWHM snr position_errors fiveSigmaDepth fieldRA fieldDec
[from data line 6475]
60632.077237390025 -0.643502852524832 -0.6922564522016053 z 0.5713307691783527 110.9085486223662 0.011248848572672892 23.364987544263172 9.922810530793695 -43.39787712873465
60632.07765405669 -0.6435074934442655 -0.6922539294466091 z 0.6173141977645015 101.8367741660401 0.011693819906977822 23.27233657398102 9.922810530793695 -43.39787712873465
60632.07807072335 -0.6435121343013502 -0.6922514067261418 z 0.617363923217946 101.7774919220567 0.011695903964670492 23.271704350299963 9.922810530793695 -43.39787712873465
60632.07848739001 -0.6435167751458222 -0.6922488838910852 z 0.617415165540287 101.7179391255242 0.011698007578095478 23.271068870389648 9.922810530793695 -43.39787712873465
60632.078904056674 -0.6435214159482511 -0.6922463610331285 z 0.6174679254743564 101.65811621520538 0.01170013081346991 23.27043013343144 9.922810530793695 -43.39787712873465
60632.07932072334 -0.643526056700765 -0.6922438381980719 z 0.6175222037851908 101.59802362979858 0.011702273737768337 23.26978813858135 9.922810530793695 -43.39787712873465
60632.07973739 -0.6435306974278745 -0.6922413152369757 z 0.6175780012600611 101.53766180793843 0.011704436418726632 23.269142884970037 9.922810530793695 -43.39787712873465
60632.08015405666 -0.643535338133694 -0.6922387922414402 z 0.6176353187085012 101.47703118819123 0.011706618924846118 23.268494371702726 9.922810530793695 -43.39787712873465
60632.08057072332 -0.643539978790225 -0.6922362693491336 z 0.6176941569623413 101.4161322090554 0.0117088213253976 23.2678425978592 9.922810530793695 -43.39787712873465
60632.08182072331 -0.6435539005867258 -0.6922287000651849 z 0.6606766464385107 94.11408880766423 0.01221800986009426 23.186711593780714 9.922810530793695 -43.39787712873465
60632.08223738997 -0.6435585411045149 -0.6922261768979889 z 0.6607464872789555 94.05647782702765 0.012220907689248479 23.186046767920413 9.922810530793695 -43.39787712873465
62346.42694876509 0.8528154855087554 -0.0704058969984244 z 0.7499520073464794 68.39889142752695 0.014839737584513344 22.840197646573937 11.024736853208298 -43.09931527953692
63165.08758292767 -0.32141745870945054 -0.7829345444953687 z 1.0213827894380603 52.22209274247896 0.021966626197769717 22.54721066842397 10.896280522992582 -43.596025231844074
63165.10487159019 -0.3216742587738985 -0.7829252714891902 y 1.0329278677088394 27.325121431809272 0.039101737863956064 21.843980240695778 10.896280522992582 -43.596025231844074
63435.33829558303 0.8874640454014667 0.016931704752493525 z 1.0219020360991486 45.8159045717339 0.02444364705632326 22.405115652985398 10.547673699983232 -43.209666171353334
61225.4396158012 0.9413629933847247 0.2573250987691583 z 1.0813023862861217 43.17467634627664 0.026967451857983438 22.34064771569946 10.677123661818923 -43.60844250765272
61277.241353728576 0.6001226715157425 -0.4059975448488466 z 1.3198078796838515 38.29598096168632 0.03588485258132492 22.21045798558618 10.709503292641147 -43.41468041487229
62045.15958091962 0.05388815857751386 -0.7299803625898353 z 1.1358196308039548 39.83124485297811 0.030218381661311133 22.253134688420207 10.625779285274206 -43.660515698291626
60566.21506556334 0.34692096887619883 -0.6022181627734169 y 0.726224700447351 41.69989716292221 0.020082324525903618 22.302912449038562 11.535360972454104 -43.960704182856006
60566.197930048795 0.3471732148615674 -0.6020697898200305 z 0.6247930562566982 99.04653283921908 0.011823359199781436 23.24217318291124 11.535360972454104 -43.960704182856006
61396.04669947832 -0.8813508867395463 -0.40284308313848094 z 0.844784364731542 61.0546854249464 0.01707188567832675 22.716872484027594 11.52319508880967 -43.84193855290137
62696.29561709105 0.9254963384228236 0.13655444397100963 y 1.1528618466750102 20.7344941277835 0.056493261283967755 21.544308599358658 11.819190112452588 -43.876065727813895
61396.052192186435 -0.8813697227159174 -0.40277783314052723 z 0.9741507488083387 53.848159298479274 0.02067059089573212 22.580502144959148 11.52319508880967 -43.84193855290137
59866.29692024855 -0.1317506347743528 -0.7747292670225131 z 0.835958524055156 64.4874519846476 0.016372002266583335 22.776263032958234 11.689518453258163 -43.996582733266806
60128.340490288996 0.936639561226098 0.28744547694206035 y 1.0708760973177813 22.76980346363828 0.048081924507755405 21.645973194263274 11.727586376777214 -44.01597352711787
59866.34851601729 -0.13256026070773272 -0.7748471545015082 z 0.9569391472928924 49.192442899065334 0.021872769980409597 22.48232096460892 11.689518453258163 -43.996582733266806
60128.32558694957 0.9366322996999952 0.28763354341249164 y 1.102148740166134 21.486605381004292 0.05226035894569134 21.582994508490042 11.727586376777214 -44.01597352711787
62341.27271263161 0.884698881946047 -0.005421182919053101 y 0.8342765248589972 29.69147336574109 0.029824621128823527 21.93415436145377 11.240322026340198 -43.73902400956697
62341.2877445839 0.8846201867241666 -0.005622526571110485 y 0.8147922748442838 31.254985437405054 0.027921369399667023 21.98987324138146 11.240322026340198 -43.73902400956697
60209.18389736112 0.22002926856929142 -0.6654276227510675 z 0.7869782314642076 85.00154254870843 0.013627837673416323 23.076142006807846 11.509182312405397 -43.8388308579522
63193.070334350785 -0.6757497033357831 -0.6828601852904709 z 0.6650235377797526 91.0381935711903 0.0123839147835506 23.15063406823935 11.620020373334798 -43.47695946097548
61279.244563693326 0.5887100106168475 -0.42345108361413436 y 0.8535247390745678 28.756993052696032 0.031319927747075114 21.899433670410794 11.656761173640147 -43.530619251107254
63379.43054383843 0.752326371626752 0.6601133753680873 z 1.1112004218029354 41.35833459792952 0.028668266940232473 22.293982595232293 11.733912605035473 -43.644469965575624
61279.22942175782 0.5888970289942839 -0.4232800071889729 y 0.8387624791735803 28.7791988278712 0.03081259967781372 21.900271738224163 11.656761173640147 -43.530619251107254
62101.11477092602 -0.7134266718726932 -0.65517434747805 z 1.2793880947036387 43.444827474621626 0.0311001341653915 22.34742018145816 11.417750587850534 -43.334195766691195
62437.078281739785 -0.346750506146448 -0.7786657982963385 z 1.2028543615253455 55.20900135613873 0.023972606824750765 22.607599717930384 11.502241120237464 -42.84899961618181
62046.26174657069 0.0480661468526239 -0.7329390835154471 y 0.9193913680965649 26.56980503822366 0.036018859553048066 21.813545908387162 11.292636496527587 -43.48727730999308
62046.276827607006 0.04782726603486153 -0.7330122796022545 y 0.8740518355729928 27.582950754146648 0.03322855561193859 21.854176799279408 11.292636496527587 -43.48727730999308
60538.258054412814 0.7007412824016593 -0.298074631768494 z 1.0373023540856807 54.183287360412216 0.021598729196073883 22.587238365726407 11.162706441877445 -43.376464314980915
61317.165154799586 0.028509535578229984 -0.7298542816693145 z 0.6484439336424398 107.44453252173729 0.011680027509457735 23.3305357907981 11.296069397917734 -42.90869452128432
62049.291307209984 0.0026275291747198614 -0.7449707487278384 z 1.2490160950946572 35.093078444465895 0.03696966975875302 22.11562865711956 11.440669682876667 -43.342533402890574
62808.08315366899 -0.4317136085405387 -0.7708485401628006 z 0.6973681619680362 91.9814274847217 0.012549141427547334 23.1618253522204 11.440603524307638 -43.100467458981825
60888.42615148354 0.83709397707227 -0.09938949222227543 z 0.798189242267845 81.3055976911113 0.014013437574275252 23.027876105994856 11.20090681187158 -42.77308628422186
63113.34409709377 0.46423951808047126 -0.5079205491408093 z 0.6204812376071843 84.24545464049955 0.012419564371853669 23.06644118504209 10.56622401914046 -42.8644792603643
63195.114759772776 -0.7117067287842362 -0.6542209894939 z 0.646488229025173 82.76549432409867 0.012689091116403942 23.04719827230498 10.216421344390609 -42.7276710312331
62318.41199508653 0.9371548023100403 0.29361810507773206 z 1.3328226599345556 41.65094258205855 0.03352593729559229 22.30163707455867 10.814384815023876 -42.773821693495876
63195.131342420544 -0.7118708203250587 -0.6541015787463251 y 0.6653801315093937 41.40215553794539 0.018928332435818238 22.295132370577267 10.216421344390609 -42.7276710312331
60193.32550280288 0.43182797724156646 -0.5249201456247802 z 0.6159876418889253 106.414357890436 0.011554549617677027 23.320075561216953 10.121115235946766 -42.916053277002945
61365.11122483465 -0.668785279020689 -0.6785800879011722 z 0.84751256097163 62.53801825424948 0.016842076775515597 22.742935276451206 10.049694017011435 -42.97145801184
61365.12769858509 -0.6689607908683439 -0.6784731499726762 y 0.7510164327910068 36.946062177305635 0.022653965298233453 22.17149538111552 10.049694017011435 -42.97145801184
63222.04078185526 -0.8910074798818327 -0.3935429064487718 z 0.8684386380028183 61.32428083963724 0.017336253826014992 22.721656148815917 10.020994241121972 -42.69824697819332
61312.25524626492 0.08813361309434337 -0.703924135293791 z 1.0628174097381844 49.52642677253238 0.023675187863106035 22.489667478359422 10.255275251983177 -42.757278306693244
60980.185247991816 -0.42468643391906236 -0.7580938237445113 y 0.6757842677720322 41.67923381397276 0.019049713769847796 22.302374306070114 9.97557986625052 -42.51930838754685
63112.338557459436 0.4843998433382698 -0.49169057790357135 y 0.6917571616282213 37.9236124805844 0.02080208909575467 22.1998492394681 10.98724681101211 -42.575939427849256
62400.13775395175 0.20136851110476156 -0.6552025518501656 y 1.064366023893414 22.17011783456899 0.049039450496905 21.61699499266867 9.93024760987719 -42.48267626354951
59860.31079418376 -0.06536054763403526 -0.7368377211989412 y 0.7993016385992259 26.65002517940654 0.03161568856284363 21.816819048389334 10.045881738306695 -42.316741206177234
61008.08843669568 -0.7510744311429158 -0.6134563076893856 y 0.7357458398929311 40.52290253672289 0.020728027120953937 22.271826351767544 9.825280992521922 -42.49454823544359
59860.267978719305 -0.06468467391225212 -0.7366868436131306 y 0.6417452941149029 36.72707723284788 0.020132515211653244 22.165040909795017 10.045881738306695 -42.316741206177234
63143.26426551028 0.00457456911344028 -0.7234399790077116 z 0.6156712556378425 91.88220943091065 0.012037392439875158 23.160653563764 10.123835210890627 -42.27756605506399
63441.41938687506 0.8530103193652893 -0.055812277208626956 y 0.676283440944903 44.905733619824204 0.018077767405038758 22.38332947866581 10.604529080592327 -42.45048932269912
63408.3684674258 0.928091835633263 0.36493393950532693 y 0.7987939264235552 32.74937896963187 0.02636146007024212 22.040582661229898 10.568961530442571 -42.16983376737377
62732.41294551912 0.6625040046712887 -0.3294076513260502 y 1.1308775138488336 24.35177187872885 0.04750370513571078 21.718901406030234 10.680457738507593 -42.42219777474891
61008.103617577195 -0.7512078062242666 -0.6133339369018633 y 0.6976804592885129 42.27973159695307 0.019295093895057906 22.317905543226416 9.825280992521922 -42.49454823544359
62313.414751787626 0.9320176587869292 0.34656132937152145 y 1.6388725636724433 16.02130079085309 0.10278098021392121 21.264319424484842 10.070109969115148 -42.5203731171054
63016.43353297868 0.7899789260613732 0.621185359445575 z 1.0209822717924129 51.23003836390551 0.022297526698835047 22.52638669191084 9.842427193706774 -42.59933364901884
59860.29552316527 -0.06511948731223437 -0.7367839536931108 y 0.5858935369749377 38.58926793939571 0.018180146599097197 22.218741338743634 10.045881738306695 -42.316741206177234
60980.17006789652 -0.4244742222049707 -0.7581247661649297 y 0.849743446829119 33.105470482708846 0.02754694494879705 22.05232439989453 9.97557986625052 -42.51930838754685
59860.283382603055 -0.06492783960830723 -0.7367411716656331 y 0.6263560122138675 36.75851094739902 0.019757359200674906 22.165969764686565 10.045881738306695 -42.316741206177234
