data_base20_ddf_parallax_9.45_-44.csv
# %ECSV 0.9
# ---
# datatype:
# - {name: MJD, datatype: float64}
# - {name: ra_pi_amp, datatype: float64}
# - {name: dec_pi_amp, datatype: float64}
# - {name: filter, datatype: string}
# - {name: seeingFWHM, datatype: float64}
# - {name: snr, datatype: float64}
# - {name: position_errors, datatype: float64}
# - {name: fiveSigmaDepth, datatype: float64}
# - {name: fieldRA, datatype: float64}
# - {name: fieldDec, datatype: float64}
# schema: astropy-2.0
MJD ra_pi_amp dec_pi_amp filter seeingFWHM snr position_errors fiveSigmaDepth fieldRA fieldDec
[from data line 2590]
60849.371705352954 0.9299661311411257 0.37738683468748113 y 0.7800778944527696 38.492737416528136 0.022598539568421467 22.216021981927568 9.649568706026722 -44.29103945916855
60849.37253868628 0.9299680983740304 0.3773769588285918 y 0.7791409986621612 38.59140005401435 0.022530331425719797 22.21880132563141 9.649568706026722 -44.29103945916855
60849.37128868629 0.9299651474528425 0.3773917726455956 y 0.780550224880628 38.44170615425413 0.022633689940883425 22.214581625837898 9.649568706026722 -44.29103945916855
60849.36878868632 0.9299592443403223 0.3774214000045349 y 1.003118270554704 29.320524928837184 0.03564367236137432 21.920504342320797 9.649568706026722 -44.29103945916855
60849.370038686306 0.9299621961083626 0.3774065864166205 y 1.0012246633988957 29.442017540018938 0.0354464791700054 21.924993906896564 9.649568706026722 -44.29103945916855
60849.36837201966 0.9299582603356435 0.37742633783652046 y 1.0056546708707856 29.203789673627266 0.03585835350739002 21.916173019112577 9.649568706026722 -44.29103945916855
60849.37503868625 0.9299739990195236 0.3773473304622316 y 0.730520816457358 41.51369243473664 0.02024001270598976 22.298053397691323 9.649568706026722 -44.29103945916855
60849.37462201959 0.9299730156968352 0.37735226852312764 y 0.7309440332616093 41.461746678955684 0.020268061392368416 22.29669397384963 9.649568706026722 -44.29103945916855
60849.36962201964 0.9299612122228355 0.37741152430585606 y 1.0018524382242942 29.40159317438627 0.035511825485308575 21.923502149212307 9.649568706026722 -44.29103945916855
63786.38073289209 0.9323588098026026 0.18842147921693952 z 0.828828377947288 83.55423066313739 0.014085431264540144 23.057496101009317 9.71051877949057 -44.305224431665906
63786.380316225426 0.9323594681114051 0.1884269036988382 z 0.8270705072141281 83.72401163312614 0.014056508696876354 23.059700062585712 9.71051877949057 -44.305224431665906
63786.379899558764 0.9323601263624212 0.18843232811194743 z 0.8273044219517766 83.67901335129835 0.014062207646755993 23.05911636626465 9.71051877949057 -44.305224431665906
63786.3794828921 0.9323607845603019 0.18843775254813558 z 0.8616589720310547 80.10951576745325 0.014686449878046483 23.01178525564518 9.71051877949057 -44.305224431665906
63786.37906622544 0.9323614427376088 0.18844317697287374 z 1.0422369507692442 65.48538651508677 0.018796415123326752 22.79293597715682 9.71051877949057 -44.305224431665906
63786.37864955878 0.932362100861959 0.18844860140924077 z 1.0425439655766136 65.44958641601758 0.018807759724153494 22.792342255498017 9.71051877949057 -44.305224431665906
63786.378232892115 0.9323627589406883 0.18845402589105 z 0.8732366470574799 78.92167555693749 0.014913931014465007 22.99556573171929 9.71051877949057 -44.305224431665906
63786.37781622545 0.9323634169698607 0.18845945028152758 z 0.8734957864901655 78.87391659201225 0.01492134051783594 22.994908506277206 9.71051877949057 -44.305224431665906
63786.37739955879 0.9323640749491181 0.18846487468300796 z 0.9732792537065856 70.31070264959419 0.017076771539726858 22.870128584350944 9.71051877949057 -44.305224431665906
63786.37698289213 0.9323647328963512 0.18847029903922502 z 0.9735750416906847 70.26771973621744 0.017087049181994444 22.869464640256233 9.71051877949057 -44.305224431665906
63786.37656622547 0.9323653907857979 0.18847572342961316 z 0.8087536941679189 85.5471811439445 0.013761397023127694 23.083089248464105 9.71051877949057 -44.305224431665906
63786.376149558804 0.9323660486460827 0.18848114779692243 z 0.8711623777571903 79.00667709339889 0.014885643324090352 22.996734480116384 9.71051877949057 -44.305224431665906
63786.37573289214 0.9323667064324793 0.18848657216432113 z 0.8714321688193757 78.95764348371331 0.014893248246550564 22.996060434650914 9.71051877949057 -44.305224431665906
63786.37531622548 0.9323673642025955 0.18849199650899873 z 0.8016195451522679 86.2858399004462 0.013649516032835467 23.09242381629062 9.71051877949057 -44.305224431665906
63786.37489955882 0.9323680219231545 0.18849742083059745 z 0.8018705822149389 86.23175253387517 0.01365546512697919 23.091743020631444 9.71051877949057 -44.305224431665906
63786.374482892155 0.9323686795861058 0.18850284517500673 z 0.7670919093356793 90.39920522726516 0.013115086159887195 23.14298651980272 9.71051877949057 -44.305224431665906
63786.37406622549 0.9323693372079087 0.1885082695081449 z 0.7673353487450555 90.34197668388236 0.013120308970141293 23.14229896090866 9.71051877949057 -44.305224431665906
63786.37364955883 0.9323699947849848 0.18851369385264363 z 0.7358621505972677 94.47205372519213 0.01267563440230209 23.190833380594384 9.71051877949057 -44.305224431665906
63786.37323289217 0.9323706523123253 0.18851911816297123 z 0.914227936298632 74.90698783770502 0.015778408138058392 22.938880823054774 9.71051877949057 -44.305224431665906
63786.37281622551 0.9323713097981594 0.18852454242723052 z 0.9145286516622835 74.85886568077188 0.01578758601706621 22.93818309431883 9.71051877949057 -44.305224431665906
63786.372399558844 0.9323719672394459 0.18852996677190817 z 0.8192595683733779 84.12918038003232 0.013958182858098765 23.06494163382616 9.71051877949057 -44.305224431665906
63786.37198289218 0.9323726246268816 0.18853539102489633 z 0.8195314341661932 84.07460732699366 0.013964850474051417 23.064237108174567 9.71051877949057 -44.305224431665906
63786.37156622552 0.9323732819851557 0.18854081533486616 z 1.080657171866837 62.713675797252186 0.019923055645853352 22.745980630536955 9.71051877949057 -44.305224431665906
63786.37114955886 0.9323739392865376 0.18854623955359381 z 1.0810273969670765 62.67260144191472 0.01993793438673844 22.74526929406132 9.71051877949057 -44.305224431665906
63786.370732892196 0.9323745965503492 0.18855166387492417 z 1.032407950852211 65.76115428885734 0.018613700979067907 22.797498558309343 9.71051877949057 -44.305224431665906
63786.37031622553 0.9323752537610257 0.18855708813954128 z 0.8449777926747165 81.27726259570024 0.014425039736293626 23.027497659715706 9.71051877949057 -44.305224431665906
63784.40158615144 0.9349415726965199 0.21444343404820565 y 1.5307813135984658 20.263569387232167 0.07620251356363703 21.519364858828386 9.690025442900362 -44.20579364206297
61670.17758788432 0.19241020203521944 -0.679733079050438 z 0.8351154423028121 82.7700416436638 0.014205623638158698 23.047257923418062 9.711588410686877 -44.21470612103299
61670.17800455098 0.19240374212446978 -0.6797359018807795 z 0.8348979595341299 82.81315168235773 0.014200028978118083 23.047823272230534 9.711588410686877 -44.21470612103299
61670.17842121764 0.19239728220620606 -0.6797387246766814 z 0.8346826736032364 82.85603112104627 0.014194481019229904 23.048385305063384 9.711588410686877 -44.21470612103299
61670.178837884305 0.19239082227917592 -0.6797415474385912 z 0.8344695813230413 82.89867977894902 0.014188979585530443 23.048944024543992 9.711588410686877 -44.21470612103299
61670.13462263816 0.19307627294766186 -0.6794418135023534 y 1.0084749990086261 29.699508188401346 0.03539783190643378 21.93444813325838 9.711588410686877 -44.21470612103299
61670.169671217736 0.19253293842946045 -0.6796794386206981 z 0.703977806717554 98.94833034062503 0.012272633597329366 23.24109616490025 9.711588410686877 -44.21470612103299
61670.1700878844 0.1925264787099615 -0.6796822621266787 z 0.7037616175461269 99.01106428539555 0.012268755758258486 23.24178431124979 9.711588410686877 -44.21470612103299
61670.135872638144 0.19305689624143232 -0.6794502925161932 y 1.0050653784587988 29.87433446938787 0.035097842241832426 21.94082058664526 9.711588410686877 -44.21470612103299
61670.17050455106 0.19252001896988835 -0.6796850855296989 z 0.703548385109739 99.06876166887261 0.01226511156035388 23.242416825334764 9.711588410686877 -44.21470612103299
61670.136289304806 0.19305043731341445 -0.6794531188158837 y 1.0045282526106842 29.908529595712473 0.035043760683347504 21.942062644593015 9.711588410686877 -44.21470612103299
61670.177171217656 0.19241666192128004 -0.6797302561513072 z 0.8353351251314727 82.7267011859046 0.014211265177054984 23.046689255970097 9.711588410686877 -44.21470612103299
61670.17925455097 0.1923843623199427 -0.6797443701543432 z 0.8136197013956172 85.18870148968945 0.013828147294054913 23.07852998528841 9.711588410686877 -44.21470612103299
61670.176754550994 0.19242312181574925 -0.6797274332063764 z 0.8355570112775051 82.68313049017651 0.014216953774260263 23.04611726720216 9.711588410686877 -44.21470612103299
61670.17633788433 0.19242958169304344 -0.6797246103417744 z 0.8357811040336476 82.63932973773679 0.014222689610988293 23.045541954401145 9.711588410686877 -44.21470612103299
61670.17592121767 0.1924360415714111 -0.6797217873051542 z 0.8360074067281086 82.59529910999399 0.014228472870224789 23.044963314825125 9.711588410686877 -44.21470612103299
61670.13670597147 0.19304397837340984 -0.6794559450584136 y 1.0039943032976948 29.942641568266602 0.03499000091726535 21.94330026808167 9.711588410686877 -44.21470612103299
61670.17550455101 0.19244250142473188 -0.6797189643374127 z 0.711725349203856 98.1309724634955 0.012353269219397521 23.23209024581088 9.711588410686877 -44.21470612103299
61670.175087884345 0.19244896127429562 -0.6797161412897004 z 0.7119194492259683 98.07808602269628 0.01235672822920356 23.23150494434366 9.711588410686877 -44.21470612103299
61670.13712263813 0.19303751943394193 -0.6794587712207935 y 1.0034635216118526 29.976670251013605 0.03493656118913834 21.944533465717253 9.711588410686877 -44.21470612103299
61670.16925246324 0.1925394305104075 -0.6796766009847951 z 0.7049192589883796 98.7633271579783 0.012285899631255816 23.239064269416083 9.711588410686877 -44.21470612103299
61670.13753930479 0.1930310604937584 -0.6794615974289735 y 0.8460603599766758 35.93954951947089 0.025577107101789114 22.14150656213059 9.711588410686877 -44.21470612103299
61670.137955971455 0.19302460152137177 -0.6794644235570034 y 0.8456224091846347 35.980100972011456 0.025541488185290295 22.14273093362138 9.711588410686877 -44.21470612103299
61670.17967121763 0.19237790238915553 -0.6797471929274346 z 0.8134164936799989 85.23203124923042 0.013823148091432653 23.079082085833157 9.711588410686877 -44.21470612103299
61670.13837263812 0.19301814255274216 -0.6794672496620439 y 0.8451870814766653 36.02055219044868 0.02550608548405937 22.143950904693188 9.711588410686877 -44.21470612103299
61670.13878930478 0.19301168358071333 -0.6794700757098344 y 0.8447543696361784 36.06090301139323 0.02547089780004061 22.14516648369738 9.711588410686877 -44.21470612103299
61670.17092121772 0.19251355922981522 -0.6796879089782507 z 0.7033370236172881 99.12554648905729 0.012261522467900682 23.24303897576295 9.711588410686877 -44.21470612103299
61670.171337884385 0.19250709947775535 -0.6796907323468314 z 0.703127529890811 99.18205645664698 0.012257961820014474 23.243657761109464 9.711588410686877 -44.21470612103299
61670.13920597144 0.1930052245716509 -0.6794729018150538 y 0.8443242665011944 36.09946746664513 0.025436928183747473 22.146326977441873 9.711588410686877 -44.21470612103299
61670.139622638104 0.19299876557475412 -0.6794757277257126 y 0.8438967649639917 36.1373983535299 0.02540348186757844 22.147467196926392 9.711588410686877 -44.21470612103299
61670.13503930482 0.19306981404826895 -0.6794446398365729 y 1.0061491957299082 29.805695299073097 0.035206977828059025 21.93832313262508 9.711588410686877 -44.21470612103299
61670.140039304766 0.19299230656569172 -0.6794785537388849 y 0.8434718579708294 36.175223799014226 0.02537024211135339 22.148603055595228 9.711588410686877 -44.21470612103299
61670.17467121768 0.19245542111562966 -0.6797133182530801 z 0.7121154169012756 98.02492697005762 0.012360215885524977 23.2309163077022 9.711588410686877 -44.21470612103299
61670.17425455102 0.1924618809453348 -0.6797104950906888 z 0.7123132551500603 97.9714955219535 0.012363732310694917 23.23032433302859 9.711588410686877 -44.21470612103299
61670.14045597143 0.19298584754446368 -0.6794813796381832 y 0.843049538521557 36.21294365921737 0.02533720779856348 22.149734561558304 9.711588410686877 -44.21470612103299
61670.13545597148 0.1930633551452979 -0.6794474661819738 y 1.0056056898174452 29.84005632523013 0.03515224736199156 21.939574085567827 9.711588410686877 -44.21470612103299
61670.14087263809 0.19297938851518487 -0.6794842055027738 y 0.7729163978815917 39.75602625737531 0.021862560328985474 22.251082411072495 9.711588410686877 -44.21470612103299
61670.14128930475 0.19297292947374045 -0.6794870314704143 y 0.7725360160686682 39.79716160448552 0.02183619512659789 22.252205235709287 9.711588410686877 -44.21470612103299
61670.141705971415 0.19296647042818116 -0.6794898572663944 y 0.7721579747859298 39.838180682218116 0.021809995273314103 22.253323731604198 9.711588410686877 -44.21470612103299
61670.14212263808 0.19296001135829063 -0.6794926830394745 y 0.771782267843141 39.879083332448474 0.021783959866228348 22.25443790662442 9.711588410686877 -44.21470612103299
61670.17175455105 0.1925006397172869 -0.6796935557153226 z 0.7029199007833387 99.23829135017934 0.01225442948905917 23.244273184499136 9.711588410686877 -44.21470612103299
61670.14253930474 0.1929535522966298 -0.6794955088010151 y 0.7714088890975049 39.919869396973326 0.021758088010004447 22.255547768577383 9.711588410686877 -44.21470612103299
61670.17383788436 0.19246834076645247 -0.6797076719510186 z 0.7125129669230142 97.9177918949339 0.012367277628249492 23.22972901743567 9.711588410686877 -44.21470612103299
61670.173421217696 0.19247480057916155 -0.6797048488344273 z 0.7127145552013514 97.86381630572643 0.012370851962935856 23.22913035800694 9.711588410686877 -44.21470612103299
61670.173004551034 0.19248126037612687 -0.6797020255804359 z 0.7129180229969379 97.8095689712296 0.012374455440720833 23.228528351796434 9.711588410686877 -44.21470612103299
61670.17258788437 0.19248772017273438 -0.6796992023608841 z 0.7131233733523993 97.75505010851569 0.012378088188799064 23.227922995828646 9.711588410686877 -44.21470612103299
61670.17217121771 0.19249417995359813 -0.6796963790151139 z 0.7133306093412414 97.70025993482898 0.012381750335601542 23.227314287098434 9.711588410686877 -44.21470612103299
63784.41462684834 0.9349276328064298 0.21427531451817844 z 1.5822011379184602 42.9122792297947 0.03820262493736265 22.334028944486906 9.690025442900362 -44.20579364206297
63784.414210181676 0.9349280789017063 0.21428068627999786 z 1.582377512993986 42.90258383447707 0.038214634515624867 22.33378361072106 9.690025442900362 -44.20579364206297
63784.413793515014 0.9349285249391962 0.21428605808743836 z 1.5825579716909586 42.89276417417385 0.038226844858802886 22.333535076016005 9.690025442900362 -44.20579364206297
63784.41337684835 0.9349289709314228 0.21429142982626834 z 1.5827425165944706 42.88282029230765 0.03823925624673761 22.333283339285245 9.690025442900362 -44.20579364206297
63784.41296018169 0.9349294168862582 0.21429680158799827 z 1.5829311503490517 42.87275223243756 0.038251868964410546 22.333028399417408 9.690025442900362 -44.20579364206297
63784.41254351503 0.9349298627960091 0.2143021733154677 z 1.5831238756587744 42.86256003825679 0.038264683301959965 22.332770255276166 9.690025442900362 -44.20579364206297
63784.412126848365 0.9349303086481522 0.21430754511136874 z 1.5833206952873657 42.85224375359371 0.03827769955469453 22.332508905700227 9.690025442900362 -44.20579364206297
63784.4117101817 0.9349307544714913 0.21431291682738818 z 1.583521612058288 42.8418034224108 0.038290918023108356 22.332244349503277 9.690025442900362 -44.20579364206297
63784.41129351504 0.9349312002284563 0.21431828850896817 z 1.5837266288548724 42.831239088804224 0.038304339012896746 22.331976585473946 9.690025442900362 -44.20579364206297
63784.41087684838 0.9349316459487454 0.2143236601906376 z 1.5839357486204082 42.82055079700369 0.038317962834971145 22.331705612375764 9.690025442900362 -44.20579364206297
