data_base17_ddf_parallax_150.1_2.18.csv
# %ECSV 0.9
# ---
# datatype:
# - {name: MJD, datatype: float64}
# - {name: ra_pi_amp, datatype: float64}
# - {name: dec_pi_amp, datatype: float64}
# - {name: filter, datatype: string}
# - {name: seeingFWHM, datatype: float64}
# - {name: snr, datatype: float64}
# - {name: position_errors, datatype: float64}
# - {name: fiveSigmaDepth, datatype: float64}
# - {name: fieldRA, datatype: float64}
# - {name: fieldDec, datatype: float64}
# schema: astropy-2.0
MJD ra_pi_amp dec_pi_amp filter seeingFWHM snr position_errors fiveSigmaDepth fieldRA fieldDec
[from data line 1476]
62258.00687773493 -0.9058713141081671 0.27880614464269565 y 1.2912776982347078 21.69713878903591 0.060348026232104134 21.593581156723523 150.3057375200333 1.9719147604822302
62258.00479440162 -0.905861287238579 0.27879652104324903 y 1.1529807929764122 24.425983825339628 0.04825067229858456 21.722205152103335 150.3057375200333 1.9719147604822302
62258.017827145 -0.9059239933191693 0.27885671791061134 z 1.4471496153703238 42.0617894617002 0.035829129453062436 22.312294352190385 150.3057375200333 1.9719147604822302
62258.00729440159 -0.9058733192990638 0.2788080693318847 y 1.2913364087368677 21.695419556538145 0.060355345866670365 21.593495122018986 150.3057375200333 1.9719147604822302
62258.01824381166 -0.905925997411224 0.27885864222624424 z 1.4473711457700498 42.05048414793055 0.03584307085829211 22.31200249018231 150.3057375200333 1.9719147604822302
62258.01866047832 -0.9059280014118577 0.27886056652756464 z 1.4475986610187 42.03897982495483 0.035857313478022575 22.311705409919128 150.3057375200333 1.9719147604822302
62258.00854440158 -0.9058793346887324 0.2788138432879932 y 1.2915439731497738 21.689543093287504 0.060380687035795216 21.593200997577867 150.3057375200333 1.9719147604822302
62258.019077144985 -0.9059300054123123 0.27886249081886627 z 1.4478321672992678 42.02727652859508 0.03587185790434266 22.31140310806328 150.3057375200333 1.9719147604822302
62258.00437773496 -0.9058592818644825 0.2787945962781143 y 1.1529565238959976 24.427109681861413 0.04824757197184404 21.72225519532883 150.3057375200333 1.9719147604822302
62258.00354391438 -0.9058552682781214 0.27879074446079755 y 1.1529054101099094 24.429436851737663 0.04824112645771345 21.722358628451737 150.3057375200333 1.9719147604822302
62258.021160478296 -0.905940024315923 0.2788721120508471 z 1.7168208014554232 35.21513274301826 0.04976738419368829 22.119398313658074 150.3057375200333 1.9719147604822302
62258.01407714504 -0.9059059551179297 0.2788393984457118 z 1.4860666886406741 40.95988514623757 0.03763393285303256 22.283471814619844 150.3057375200333 1.9719147604822302
62258.01949381165 -0.905932009229746 0.2788644150901304 z 1.448071670961406 42.015374294176546 0.03588670474332068 22.311095581187686 150.3057375200333 1.9719147604822302
62258.007711068254 -0.9058753244901393 0.27880999399549006 y 1.2914003568865597 21.693580528226306 0.060363228973091106 21.593403084884365 150.3057375200333 1.9719147604822302
62258.016993811674 -0.9059199852270178 0.2788528692363187 z 1.4467244852161962 42.083802915855266 0.03580214798730811 22.312862434345085 150.3057375200333 1.9719147604822302
62258.011461068214 -0.9058933690101669 0.27882731536278876 y 1.2563559612401511 22.312591158793957 0.057188134654626806 21.623950008619147 150.3057375200333 1.9719147604822302
62258.003961068294 -0.9058572763073649 0.27879267150287146 y 1.1529368813590026 24.428101276835427 0.048244910989516464 21.722299268849046 150.3057375200333 1.9719147604822302
62258.01104440155 -0.9058913642767336 0.2788253908222708 y 1.2562479942584692 22.317291340817906 0.057171695486150226 21.624178696553123 150.3057375200333 1.9719147604822302
62258.01062773489 -0.9058893593606367 0.27882346626913995 y 1.2561451334820002 22.32186873819341 0.05715579338150115 21.62440136409717 150.3057375200333 1.9719147604822302
62258.01021106823 -0.9058873545361401 0.2788215416985657 y 1.2560473761385684 22.32548625486983 0.05714250447911301 21.624577305934537 150.3057375200333 1.9719147604822302
62258.013243475616 -0.9059019444609788 0.27883554797502197 z 1.4852555325269652 40.99336175702864 0.0375862957494812 22.284358826952936 150.3057375200333 1.9719147604822302
62258.01991047831 -0.9059340130470008 0.2788663393543277 z 1.4483171785219033 42.003273156524955 0.0359018546150641 22.310782825775487 150.3057375200333 1.9719147604822302
62258.00896106824 -0.9058813396962503 0.2788157679100029 y 1.2916236451272705 21.687344690434742 0.06039026277558182 21.593090944243297 150.3057375200333 1.9719147604822302
62258.02157714496 -0.9059420280413989 0.2788740362561843 z 1.7171420562825992 35.201961844374196 0.04979419320099463 22.11899215882429 150.3057375200333 1.9719147604822302
62258.015327145025 -0.905911968309378 0.27884517172466033 z 1.4866034691124919 40.93157523709944 0.037670768192972354 22.28272113574844 150.3057375200333 1.9719147604822302
62258.008127734916 -0.9058773295892569 0.2788119186430834 y 1.2914695444037694 21.691621706461174 0.06037167590330945 21.593305043911823 150.3057375200333 1.9719147604822302
62258.009794401565 -0.9058853496196857 0.2788196171151997 y 1.2559547195943477 22.32812016903594 0.057131884459760036 21.624705391265273 150.3057375200333 1.9719147604822302
62258.0093777349 -0.9058833447041258 0.27881769252065214 y 1.2917085624805318 21.685026499315953 0.06040040355431153 21.59297488215305 150.3057375200333 1.9719147604822302
62258.020743811634 -0.9059380205900893 0.2788701878310185 z 1.716506734148397 35.22763404945487 0.04974170294016967 22.11978367958748 150.3057375200333 1.9719147604822302
62258.02032714497 -0.9059360167728345 0.2788682635984876 z 1.716199845793281 35.23812286846812 0.049718964494310854 22.12010690298364 150.3057375200333 1.9719147604822302
62258.01657714501 -0.9059179810435419 0.27885094488356277 z 1.4871953272806182 40.901522689222894 0.03771044921487839 22.28192367991288 150.3057375200333 1.9719147604822302
62258.01616047835 -0.9059159767684664 0.2788490205091592 z 1.4869919128548585 40.91173376812109 0.037696905146662005 22.282194700492845 150.3057375200333 1.9719147604822302
62258.01574381169 -0.9059139724928539 0.2788470961260787 z 1.4867946285800606 40.92175129663934 0.03768367831896056 22.282460518169806 150.3057375200333 1.9719147604822302
62258.02199381162 -0.9059440316758116 0.2788759604445254 z 1.7174705074003875 35.18862571999772 0.049821447735271356 22.118580754011774 150.3057375200333 1.9719147604822302
62258.02241047828 -0.9059460352186242 0.27887788461989577 z 1.7178061637821307 35.17512442991116 0.04984914888458978 22.11816409516097 150.3057375200333 1.9719147604822302
62258.022827144945 -0.9059480387609001 0.27887980878381624 z 1.7181490346047217 35.161458033700434 0.04987729775778567 22.11774217812089 150.3057375200333 1.9719147604822302
62258.02366047827 -0.9059520456631467 0.27888365707310275 z 1.5384370333232076 39.398048478478415 0.040308683746829124 22.241261764788707 150.3057375200333 1.9719147604822302
62258.02324381161 -0.905950042211755 0.27888173293494484 z 1.7184991292493141 35.14762659051188 0.049905895484569286 22.117314998648766 150.3057375200333 1.9719147604822302
61821.13452076447 -0.043487478620630474 -0.15909198093415203 y 0.7827729493585536 34.92967611437851 0.02453990012884503 22.11056138580558 150.22638398687798 1.930352951143724
61821.13493743113 -0.04349427580284526 -0.15908947001925772 y 0.7822767123523999 34.97897446516272 0.024498109196409063 22.11209267020915 150.22638398687798 1.930352951143724
61821.13410409781 -0.04348068143823678 -0.15909449183920651 y 0.7832731797657851 34.880204289189344 0.0245820300399064 22.109022538857136 150.22638398687798 1.930352951143724
61821.139104097754 -0.04356224753500329 -0.15906436037215024 y 0.7377464492336558 37.49830765826342 0.022069690854381395 22.187604159061745 150.22638398687798 1.930352951143724
61821.14160409773 -0.04360303053776546 -0.15904929416501268 y 0.7900202548305212 34.97655653866386 0.024701796142707188 22.112017615948147 150.22638398687798 1.930352951143724
61821.133687431146 -0.04347388425602199 -0.15909700274121957 y 0.7854585193590377 34.72387906286189 0.024731965144888887 22.10414557661165 150.22638398687798 1.930352951143724
61821.141187431065 -0.04359623335572958 -0.15905180522392648 y 0.7904637692647151 34.933312744377204 0.02473897765949883 22.110674419070286 150.22638398687798 1.930352951143724
61821.1407707644 -0.04358943626493587 -0.15905431627335828 y 0.790911119099703 34.88989058927456 0.02477646890504381 22.109324008040417 150.22638398687798 1.930352951143724
61821.14035409774 -0.04358263908254218 -0.15905682730713575 y 0.7913623182638951 34.84629024055175 0.02481427205309208 22.10796636319227 150.22638398687798 1.930352951143724
61821.13993743108 -0.04357584190014849 -0.15905933833465152 y 0.7918173808365776 34.802511864381664 0.024852389302607317 22.10660146464939 150.22638398687798 1.930352951143724
61821.13952076442 -0.043569044717754794 -0.15906184935975207 y 0.7373179778048776 37.54598086883599 0.022037254571602823 22.1889836254727 150.22638398687798 1.930352951143724
62131.26282726532 0.7404742605300823 -0.37537430439184694 z 1.1589726430770706 49.32743270419322 0.025535043972742085 22.48529627105388 150.22260381068907 1.6419216984366956
62131.266160598614 0.7404415851411005 -0.37537096928569436 z 1.077439572392099 53.57852117039159 0.02245871139328075 22.575051795169752 150.22260381068907 1.6419216984366956
62131.29495689466 0.7401591996443372 -0.3753421038338769 y 1.1273770094268856 24.15452727057643 0.04773277944452725 21.71007134492836 150.22260381068907 1.6419216984366956
62131.26574393195 0.7404456696220849 -0.37537138624582783 z 1.0783892990448931 53.489305325648516 0.022504653938652183 22.573242383355495 150.22260381068907 1.6419216984366956
62131.294540227995 0.7401632869642053 -0.37534252218742126 y 1.0976825193462598 24.82454480163166 0.04533429981901435 21.739778223523412 150.22260381068907 1.6419216984366956
62131.26366059864 0.7404660919346919 -0.3753734707308151 z 1.123961497850939 51.0229120184509 0.024192098810195746 22.521988092575395 150.22260381068907 1.6419216984366956
62131.302040227914 0.7400897091634855 -0.3753349886883804 y 1.1555796477445195 23.751485919056282 0.049669997856355154 21.691801951036915 150.22260381068907 1.6419216984366956
62131.30162356125 0.7400937971243745 -0.37533540739043403 y 1.103255194109595 24.920781729444215 0.04538585901723427 21.743979142660997 150.22260381068907 1.6419216984366956
62131.30120689459 0.740097885084727 -0.37533582606869315 y 1.1037756374104488 24.89552848514108 0.045450055678880996 21.742878364066275 150.22260381068907 1.6419216984366956
62131.30079022793 0.7401019729543739 -0.3753362447278094 y 1.1800741072849066 23.199613850347653 0.05183976402649103 21.666276879829134 150.22260381068907 1.6419216984366956
62131.256993932046 0.7405314363929728 -0.37538013770518636 z 1.333106802066014 42.10050325047585 0.03320638117882041 22.31329320722884 150.22260381068907 1.6419216984366956
62131.2640772653 0.7404620075454863 -0.37537305387650466 z 0.9866096208489835 58.56757726483608 0.019590210157643975 22.67171813706172 150.22260381068907 1.6419216984366956
62131.2999568946 0.740110148692773 -0.3753370819859293 y 1.1888652511061137 22.996148962849425 0.052656715662253294 21.656712772223816 150.22260381068907 1.6419216984366956
62131.26324393198 0.7404701762322976 -0.37537388757278106 z 1.1249909952431258 50.93180661135772 0.02424639700611925 22.52004769262946 150.22260381068907 1.6419216984366956
62131.2674105986 0.7404293311494415 -0.3753697182908835 z 1.1804720959034023 48.79466912474897 0.026177930782887215 22.473505932682706 150.22260381068907 1.6419216984366956
62131.26157726533 0.740486513148457 -0.37537555471754863 z 1.2038720602888153 47.28669089919856 0.027352529915719792 22.439422297538464 150.22260381068907 1.6419216984366956
62131.262410598654 0.7404783448276879 -0.37537472118738674 z 1.160048554628408 49.238675302526296 0.02559413202934366 22.483340889991847 150.22260381068907 1.6419216984366956
62131.26699393194 0.7404334159046893 -0.3753701353096982 z 1.1980254077411687 48.0118688350866 0.026881906027619112 22.455946516578674 150.22260381068907 1.6419216984366956
62131.264493931965 0.7404579231559228 -0.37537263699714735 z 0.9857236040491897 58.66684968217861 0.019552724477001123 22.67355690893465 150.22260381068907 1.6419216984366956
62131.26199393199 0.7404824289422725 -0.3753751379614577 z 1.202740226473844 47.37258824799001 0.027287336453610138 22.441392772866703 150.22260381068907 1.6419216984366956
62131.26532726529 0.7404497541944906 -0.37537180318377694 z 1.0552234165095062 54.683867889417 0.021733989902034293 22.59722305271165 150.22260381068907 1.6419216984366956
62131.26491059863 0.7404538386752961 -0.37537222010097293 z 1.056163938792639 54.592076036409495 0.021778105645932667 22.595399014264174 150.22260381068907 1.6419216984366956
62131.300373561266 0.7401060608233051 -0.37533666336688803 y 1.1806430200234348 23.17581440317023 0.05191510655596599 21.665162499878573 150.22260381068907 1.6419216984366956
62131.266577265276 0.7404375004772737 -0.3753705523084754 z 1.1990739073505183 47.93256335873801 0.02694054282146917 22.454151626671084 150.22260381068907 1.6419216984366956
62131.25824393203 0.7405191851487765 -0.3753788880432267 z 1.2640627934884545 44.63852324915828 0.030031571461912335 22.376849535785382 150.22260381068907 1.6419216984366956
62131.25782726537 0.7405232689883823 -0.3753793046188013 z 1.2653195567531423 44.55473595121858 0.030108395048524222 22.37480967469169 150.22260381068907 1.6419216984366956
62131.29412356133 0.7401673741922945 -0.37534294052370126 y 1.1002910997722004 24.731342380797518 0.04559975166241877 21.73569421382288 150.22260381068907 1.6419216984366956
62131.29954022794 0.740114236562241 -0.37533750058278614 y 1.136121156557991 24.102276703242545 0.048186556758634556 21.70772015918162 150.22260381068907 1.6419216984366956
62131.25741059871 0.7405273526447881 -0.3753797211688817 z 1.3266080837032745 42.3765899242626 0.032863600348567265 22.320390003611422 150.22260381068907 1.6419216984366956
62534.18540780329 0.2412839704566944 -0.26066474631636205 y 0.635639101225124 44.06418407550171 0.017552472690734774 22.36278932120976 150.22121877969744 1.675947424168567
62534.18499113663 0.24129054464628458 -0.26066677769724794 y 0.6333577056167393 44.20632987906269 0.017472027808810256 22.36628613960975 150.22121877969744 1.675947424168567
62534.18457446997 0.2412971187444536 -0.26066880905863304 y 0.6385351008137538 43.785553739926655 0.01768249973939929 22.35590210526576 150.22121877969744 1.675947424168567
62534.185824469954 0.24127739626692538 -0.2606627149284095 y 0.6352657541157396 44.12300048081421 0.017529722601090852 22.364237584026437 150.22121877969744 1.675947424168567
62534.18624113662 0.24127082207644074 -0.260660683520956 y 0.6429553427390718 43.57901835290314 0.017823414024600467 22.35076859726282 150.22121877969744 1.675947424168567
62534.184157803305 0.24130369302600155 -0.2606708404094627 y 0.6389191869868139 43.72629522572222 0.01770605082144423 22.354431695831924 150.22121877969744 1.675947424168567
62534.18374113664 0.2413102671241706 -0.26067287174445913 y 0.6398438241986726 43.62689836045301 0.01775104065973514 22.35196083432342 150.22121877969744 1.675947424168567
62534.18665780328 0.2412642478868506 -0.2606586521008002 y 0.6425830845797594 43.636598018436814 0.017800244172233873 22.35220220145463 150.22121877969744 1.675947424168567
62534.18332446998 0.24131684122269745 -0.26067490306675317 y 0.640234576315412 43.56725776333481 0.017775046633195884 22.350475552085673 150.22121877969744 1.675947424168567
62534.18290780332 0.24132341532068763 -0.26067693437312467 y 0.6598781705464432 42.129651405525976 0.018583074023495225 22.314044653278827 150.22121877969744 1.675947424168567
62534.18249113666 0.2413299894192145 -0.26067896566813553 y 0.6602882737683107 42.07147787850764 0.018609552340887056 22.312544409397805 150.22121877969744 1.675947424168567
62534.182074469994 0.2413365634256047 -0.2606809969480289 y 0.656226119293615 42.32428910209377 0.018449830493783927 22.319049169749082 150.22121877969744 1.675947424168567
62534.18165780333 0.24134313752395267 -0.2606830282128046 y 0.6348732502780117 43.84359406670998 0.017597792336427498 22.357340359429287 150.22121877969744 1.675947424168567
