data_base20_ddf_parallax_9.45_-44.csv
# %ECSV 0.9
# ---
# datatype:
# - {name: MJD, datatype: float64}
# - {name: ra_pi_amp, datatype: float64}
# - {name: dec_pi_amp, datatype: float64}
# - {name: filter, datatype: string}
# - {name: seeingFWHM, datatype: float64}
# - {name: snr, datatype: float64}
# - {name: position_errors, datatype: float64}
# - {name: fiveSigmaDepth, datatype: float64}
# - {name: fieldRA, datatype: float64}
# - {name: fieldDec, datatype: float64}
# schema: astropy-2.0
MJD ra_pi_amp dec_pi_amp filter seeingFWHM snr position_errors fiveSigmaDepth fieldRA fieldDec
[from data line 6012]
60235.13729230758 -0.2128304076790935 -0.7748849187060699 y 0.710866863933991 45.769594982557145 0.018472277841028506 22.40401766253655 10.009936057206815 -43.82737739545185
60235.137708974245 -0.21283682413155902 -0.7748854001213665 y 0.7108098640836124 45.77823251083576 0.01846876712581689 22.4042225407397 10.009936057206815 -43.82737739545185
60235.13520897427 -0.2127983252000211 -0.7748825111146055 y 0.7841024018351607 41.16957001959426 0.021511342966941023 22.289015817141117 10.009936057206815 -43.82737739545185
60235.13812564091 -0.21284324059198587 -0.7748858815022237 y 0.7107546213538628 45.78671701979366 0.018465333885413854 22.404423751762668 10.009936057206815 -43.82737739545185
60235.13479230761 -0.2127919086886954 -0.7748820293672589 y 0.7841774366728735 41.16096698493192 0.021516481597476458 22.288788911631265 10.009936057206815 -43.82737739545185
60235.13437564095 -0.21278549215259127 -0.7748815477572228 y 0.7842544299859435 41.15222643393615 0.021521721247290806 22.28855833054682 10.009936057206815 -43.82737739545185
60235.133958974286 -0.21277907559975937 -0.7748810659641658 y 0.7843333828834017 41.143348404344124 0.02152706206148382 22.288324072551507 10.009936057206815 -43.82737739545185
60235.13354230762 -0.21277265903458295 -0.7748805842283588 y 0.7844142965028585 41.13433293401101 0.02153250418822557 22.288086136274657 10.009936057206815 -43.82737739545185
60235.13312564096 -0.21276624246940654 -0.7748801024123123 y 0.7844971720105423 41.12518006090891 0.02153804777876496 22.287844520311136 10.009936057206815 -43.82737739545185
60235.1327089743 -0.2127598258789149 -0.7748796206191658 y 0.7263746789610528 44.66472744898117 0.01909134622952676 22.377486709663344 10.009936057206815 -43.82737739545185
60235.13854230757 -0.2128496570236088 -0.7748863628258309 y 0.7107011349507522 45.795048468571565 0.018461978021852378 22.404621296668097 10.009936057206815 -43.82737739545185
60235.13229230764 -0.21275340929253808 -0.7748791386657193 y 0.7264565233396891 44.65432331542756 0.019096135485943612 22.37723377046543 10.009936057206815 -43.82737739545185
60235.13895897423 -0.21285607344261884 -0.7748868440922775 y 0.710649404105718 45.80286891489279 0.018458801343055522 22.404806692624064 10.009936057206815 -43.82737739545185
60235.13186564903 -0.21274683881113676 -0.7748786451578843 y 0.7268189693309329 44.62028078078858 0.019113632526671673 22.37640573623274 10.009936057206815 -43.82737739545185
60235.139375640894 -0.21286248985322032 -0.7748873253588136 y 0.7105994280755942 45.808769551640935 0.018456204556079138 22.40494655552936 10.009936057206815 -43.82737739545185
60235.13979230756 -0.21286890625925967 -0.7748878065334814 y 0.7105512061425864 45.81451640912654 0.018453684519320748 22.40508275608533 10.009936057206815 -43.82737739545185
61726.207961866094 -0.6213519276499679 -0.7111245428365038 z 0.9547637361366412 55.03440477025262 0.020024236612047504 22.60416067337115 10.260011653686062 -43.82187921034308
62332.35859525236 0.9179915997639644 0.10295622797767859 y 0.8695595012499465 36.223551207128615 0.02600495068028631 22.15005255040949 10.406432718225421 -43.93472258095624
62332.3590140684 0.9179902573713428 0.10295067051131217 y 0.8683862782528209 36.29787915904995 0.02592975631005518 22.152278115357014 10.406432718225421 -43.93472258095624
62332.359430735065 0.9179889218306496 0.10294514149908245 y 0.8681168733307867 36.32096966751904 0.025908881537682574 22.15296857526601 10.406432718225421 -43.93472258095624
62332.35984740173 0.9179875862325275 0.10293961254401326 y 0.8307519957539558 38.07526204560668 0.024001142465533 22.204182241574728 10.406432718225421 -43.93472258095624
62332.36026406839 0.9179862506013078 0.10293408355468356 y 0.8305006548815682 38.09912631079178 0.02398272289989116 22.204862530530587 10.406432718225421 -43.93472258095624
62332.36068073505 0.9179849149085446 0.10292855465704326 y 0.8302515522297556 38.12286860155663 0.02396444604379668 22.20553891968914 10.406432718225421 -43.93472258095624
62332.361097401714 0.9179835791778529 0.10292302567907408 y 0.8300046840391182 38.14648882293234 0.023946311360164244 22.206211413366756 10.406432718225421 -43.93472258095624
62332.361514068376 0.9179822433931318 0.10291749668965491 y 0.829760046587396 38.1699868799972 0.02392831831697171 22.206880015837402 10.406432718225421 -43.93472258095624
62332.36193073504 0.9179809075881943 0.10291196766579629 y 0.8295176361893342 38.19336267787533 0.02391046638722883 22.207544731332757 10.406432718225421 -43.93472258095624
62332.3623474017 0.9179795716963083 0.10290643877933764 y 0.829277449196523 38.21661612173906 0.023892755048943736 22.208205564042416 10.406432718225421 -43.93472258095624
62332.36276406836 0.9179782357876051 0.10290090973275792 y 0.8290394819972549 38.23974711680867 0.02387518378509153 22.208862518114035 10.406432718225421 -43.93472258095624
62332.363180735025 0.9179768998420472 0.1028953807663282 y 0.8288037310163766 38.262755568353285 0.023857752083582522 22.209515597653496 10.406432718225421 -43.93472258095624
62332.36651406832 0.9179662105828059 0.10285114862215378 y 0.8191327930488357 38.836494287295544 0.02334235111275136 22.225675038877185 10.406432718225421 -43.93472258095624
62332.36609740166 0.9179675469051404 0.10285667757740186 y 0.8193487250116936 38.81424380098635 0.023358304456963394 22.225052812744753 10.406432718225421 -43.93472258095624
62332.365680735 0.9179688831696878 0.10286220669250265 y 0.819566823678754 38.79186875112722 0.023374390355991446 22.224426743441974 10.406432718225421 -43.93472258095624
62332.365264068336 0.9179702193925503 0.10286773568183237 y 0.8197870923043904 38.76936923300301 0.0233906092742474 22.22379682719161 10.406432718225421 -43.93472258095624
62332.36484740167 0.9179715555783793 0.10287326472859099 y 0.820009534178085 38.74674534195253 0.023406961680746824 22.223163060175857 10.406432718225421 -43.93472258095624
62332.36443073501 0.9179728917105363 0.10287879368374962 y 0.8202341526245331 38.72399717336884 0.02342344804913614 22.222525438536223 10.406432718225421 -43.93472258095624
62332.36401406835 0.917974227797251 0.10288432278748985 y 0.8204609510037844 38.70112482269707 0.023440068857722117 22.22188395837334 10.406432718225421 -43.93472258095624
62332.36359740169 0.9179755638503315 0.10288985177690903 y 0.8206899327113875 38.67812838543593 0.02345682458949992 22.221238615746866 10.406432718225421 -43.93472258095624
61236.360951050236 0.9224075027408318 0.11050683945648637 y 1.0029128150415019 31.196503367526475 0.0336676345877993 21.9878397872438 10.360096128341434 -43.82668783720001
61236.3613677169 0.9224061922024591 0.1105013181217479 y 1.0026085534439366 31.216152520042733 0.03363900607276579 21.988523424133824 10.360096128341434 -43.82668783720001
61236.362617716884 0.9224022603459968 0.11048475403711416 y 0.8479585368801036 37.31346027928421 0.02482816930123315 22.18223880263018 10.360096128341434 -43.82668783720001
61236.366367716844 0.9223904623220164 0.11043506148551306 y 0.7258300066966908 44.188705662414776 0.01923027070256546 22.365853191079744 10.360096128341434 -43.82668783720001
61236.36553438352 0.9223930844194216 0.1104461042926583 y 0.8462851443686976 37.466396851041026 0.02470244354579154 22.186679811502614 10.360096128341434 -43.82668783720001
61236.36220105022 0.922403571009067 0.11049027537194209 y 1.0020082243636006 31.253884278285135 0.033583648363178356 21.989834988623755 10.360096128341434 -43.82668783720001
61236.36595105018 0.9223917733956764 0.11044058290049096 y 0.7260233390676296 44.1636782185467 0.019241962051361753 22.365238081414258 10.360096128341434 -43.82668783720001
61236.36303438355 0.9224009496414203 0.11047923265648626 y 0.8477126727417373 37.335669909078646 0.0248097696931998 22.1828848597192 10.360096128341434 -43.82668783720001
61236.36678438351 0.922389151210965 0.11042954004763515 y 0.7256385817543071 44.213590476618066 0.019218677272589742 22.366464449963797 10.360096128341434 -43.82668783720001
61236.36178438356 0.9224048816265162 0.11049579677547 y 1.0023070247364674 31.23506873034873 0.03361121833070639 21.98918115394608 10.360096128341434 -43.82668783720001
61236.358865654904 0.922414061181488 0.11053447356535513 y 0.9230843284152944 33.98623401988942 0.028942956122624482 22.080832597955485 10.360096128341434 -43.82668783720001
61236.35928438359 0.922412744385692 0.11052892485304804 y 1.0041588499637677 31.11279144062361 0.03378849141841702 21.984922433588224 10.360096128341434 -43.82668783720001
61236.36511771686 0.9223943954016606 0.11045162567319677 y 0.8465174103382747 37.444910754864445 0.0247199681800849 22.18605698875654 10.360096128341434 -43.82668783720001
61236.364701050195 0.9223957063384574 0.11045714711107465 y 0.8467519337502999 37.423303851145384 0.024737637352809393 22.185430303629474 10.360096128341434 -43.82668783720001
61236.36345105021 0.9223996388706485 0.11047371126440837 y 0.8474690840077914 37.357759168718104 0.024791517221544053 22.183527034269815 10.360096128341434 -43.82668783720001
61236.36428438353 0.92239701723339 0.11046266848025256 y 0.8469887181229451 37.40157622725579 0.024755451573448488 22.18479975217283 10.360096128341434 -43.82668783720001
61236.36053438357 0.9224088132174817 0.11051236080276428 y 1.003219814130181 31.17573927654223 0.03369748435163498 21.9871168911215 10.360096128341434 -43.82668783720001
61236.36011771691 0.9224101236486896 0.11051788220638165 y 1.003529555356699 31.154876761837905 0.03372755770519627 21.986390083339952 10.360096128341434 -43.82668783720001
61236.35970105025 0.9224114340294458 0.1105234035754701 y 1.0038420434136897 31.133915913114954 0.03375785548348482 21.985659359489876 10.360096128341434 -43.82668783720001
61236.36386771687 0.9223983280871744 0.11046818986079103 y 0.8472277670113598 37.3797279706206 0.02477341135650755 22.184165330396716 10.360096128341434 -43.82668783720001
63040.39982903257 0.9218586932116272 0.38736403144787984 y 0.7332033811415974 42.60424368848635 0.01990405622673362 22.326207139422674 10.340877403350838 -43.76922982548902
63040.40024569923 0.9218598066107524 0.38735917175120954 y 0.7318259432336147 42.72894229341923 0.01983280161936694 22.32938034536531 10.340877403350838 -43.76922982548902
63040.40066236589 0.9218609199647934 0.38735431210069704 y 0.7610203763664644 40.988077681221704 0.021088592220723974 22.284218865701718 10.340877403350838 -43.76922982548902
63040.401079032556 0.9218620332894936 0.3873494523125162 y 0.7606924946582801 41.02555007383317 0.021066628156948028 22.285211021207626 10.340877403350838 -43.76922982548902
63040.40149569922 0.9218631465388744 0.38734459254732484 y 0.7603668258394578 41.06289845156125 0.02104480744470474 22.286198991851847 10.340877403350838 -43.76922982548902
63040.40191236588 0.9218642597717959 0.38733973280485456 y 0.7600433646996039 41.10012266609438 0.021023129357893005 22.287182784308058 10.340877403350838 -43.76922982548902
63040.40691236583 0.921877614827713 0.38728141399621124 y 0.890757085793613 34.88006138488729 0.02742580746651413 22.109018090583522 10.340877403350838 -43.76922982548902
63040.40232903254 0.9218653729342282 0.3873348729824132 y 0.7597221060704705 41.137222569079896 0.02100159317657112 22.2881624051964 10.340877403350838 -43.76922982548902
63040.402745699204 0.9218664860678566 0.38733001321740074 y 0.7594030448257642 41.1741980121206 0.020980198186909615 22.289137861083642 10.340877403350838 -43.76922982548902
63040.40316236587 0.92186759913851 0.3873251533489805 y 0.7590861758808728 41.21104884678168 0.020958943681138747 22.290109158483624 10.340877403350838 -43.76922982548902
63040.40732903249 0.9218787274661292 0.38727655389897 y 0.9412373350119266 32.914382203144726 0.03029458540642985 22.046039258854062 10.340877403350838 -43.76922982548902
63040.40774569915 0.9218798400633968 0.3872716938817892 y 0.9408671620183444 32.94246517535761 0.03026096887331817 22.04696522791364 10.340877403350838 -43.76922982548902
63040.406495699164 0.9218765021764158 0.38728627397913146 y 0.8911111985914474 34.85006386924012 0.027455739999584502 22.108083935060886 10.340877403350838 -43.76922982548902
63040.4060790325 0.9218753894505145 0.3872911339389728 y 0.8914678697959968 34.819960592580316 0.02748586998473937 22.107145677334184 10.340877403350838 -43.76922982548902
63040.40357903253 0.9218687121803597 0.3873202934920997 y 0.7587714941926776 41.24777492458716 0.02093782895750245 22.291076303857402 10.340877403350838 -43.76922982548902
63040.40399569919 0.9218698251681796 0.3873154336009583 y 0.8932898002706839 34.66786216519446 0.027639514148638633 22.102392642155454 10.340877403350838 -43.76922982548902
63040.40441236585 0.9218709381062635 0.38731057374407757 y 0.8929202517865584 34.69849237372537 0.027608382953072302 22.103351502650398 10.340877403350838 -43.76922982548902
63040.404829032515 0.9218720510277093 0.3873057138185862 y 0.8925532902836236 34.72901744554833 0.027577453886254575 22.104306230188598 10.340877403350838 -43.76922982548902
63040.40524569918 0.9218731638777714 0.387300853835666 y 0.8921889099512458 34.759437255858984 0.027546725996788722 22.105256831022878 10.340877403350838 -43.76922982548902
63040.40566236584 0.921874276682928 0.3872959938873641 y 0.8918271050269152 34.789751679823574 0.02751619834137353 22.106203311354648 10.340877403350838 -43.76922982548902
60659.085165754965 -0.8596256989750676 -0.46238751377445503 z 0.9798449293116344 50.57369010531579 0.021803097451946276 22.512386596788296 10.422290839414597 -43.779496001318485
60659.1076784694 -0.8597349942756102 -0.46213886495292716 z 0.8152037967411824 59.52020050766446 0.016958401438980954 22.689235953066067 10.422290839414597 -43.779496001318485
60659.131420846235 -0.8598501130335497 -0.4618765555984219 y 0.8817122866764373 27.502673243531966 0.03358256995692158 21.85101226178014 10.422290839414597 -43.779496001318485
62394.393652995386 0.3033843323099559 -0.6274719433607695 z 0.7503323998314837 78.91615562591102 0.013798604414649435 22.99548979062303 10.79377583066275 -43.91930968924918
61687.28535444583 -0.05544593078214946 -0.7610441727310184 y 0.8841268907109503 33.03332975918157 0.02857181702459139 22.049955871099126 10.968406188593649 -43.78023177437928
61687.308113249725 -0.05580606081488966 -0.7611209869535881 y 0.7972222117985543 35.17829527340229 0.024770573232633725 22.11826196388135 10.968406188593649 -43.78023177437928
62074.16441230643 -0.3885099953802898 -0.7796884577207291 y 1.0304249210968728 26.692161722601362 0.039878200430529795 21.8185343578906 10.896829407229864 -43.66603468712788
62074.18712486318 -0.3888356813122624 -0.7796503824973087 y 0.7923982319186917 34.57110946929472 0.025007280176707395 22.099358282437493 10.896829407229864 -43.66603468712788
63478.199270459394 0.4615673403101633 -0.5171826991568738 y 0.5724175622046257 55.61941112011916 0.014349871716611552 22.615640955126267 10.00882278154038 -43.779072431310176
63478.199687126056 0.46156161416602143 -0.5171868753483077 y 0.5713501128148304 55.785370154818345 0.01431423153263611 22.618875786947807 10.00882278154038 -43.779072431310176
63478.20010379272 0.46155588801740677 -0.517191051551281 y 0.5711049054289675 55.83810235313827 0.014304172270403008 22.619901615294573 10.00882278154038 -43.779072431310176
63478.20052045938 0.4615501618199508 -0.5171952276857333 y 0.5708613291483831 55.890667747848994 0.014294181363114493 22.62092323499582 10.00882278154038 -43.779072431310176
63478.20093712604 0.4615444356301877 -0.5171994038429067 y 0.5706193800593722 55.94306612722409 0.014284258415954033 22.621940652902744 10.00882278154038 -43.779072431310176
63478.201353792705 0.46153870938228025 -0.517203580023159 y 0.5703790542796241 55.995297279459145 0.014274403037563721 22.622953875811987 10.00882278154038 -43.779072431310176
