data_twi_bad_parallax_0_-20.csv
# %ECSV 0.9
# ---
# datatype:
# - {name: MJD, datatype: float64}
# - {name: ra_pi_amp, datatype: float64}
# - {name: dec_pi_amp, datatype: float64}
# - {name: filter, datatype: string}
# - {name: seeingFWHM, datatype: float64}
# - {name: snr, datatype: float64}
# - {name: position_errors, datatype: float64}
# - {name: fiveSigmaDepth, datatype: float64}
# - {name: fieldRA, datatype: float64}
# - {name: fieldDec, datatype: float64}
# schema: astropy-2.0
MJD ra_pi_amp dec_pi_amp filter seeingFWHM snr position_errors fiveSigmaDepth fieldRA fieldDec
62840.05455658067 -0.8696351134824756 -0.4479075157526547 z 1.2627354636226322 38.25648931785153 0.03448866660533674 22.209337773236562 359.0274535976268 -20.946077074027745
61275.220379326245 0.45669807800924683 -0.12911310566982998 z 0.9176636949790206 63.87308605403591 0.017504578531580568 22.76586973860692 358.99965606672896 -21.240348341718263
63085.35006822299 0.6528976393761862 0.010205268664305808 z 1.0326394277396793 48.145337424486925 0.023665015256586357 22.45896057612574 358.97373683913924 -21.031831033968135
63085.29919688979 0.6534660590300037 0.010645353861641574 y 0.6368481357113953 44.69816403500271 0.01740684625659834 22.37829920158473 358.97373683913924 -21.031831033968135
63085.28250161996 0.653652501666175 0.0107897815842537 z 0.7310406753349026 69.3363080831263 0.014531460971849153 22.854976772329216 358.97373683913924 -21.031831033968135
63085.36664566958 0.6527123043574283 0.010061855976400665 y 0.7813787010482068 34.91652028979219 0.024511149122307486 22.110152379847886 358.97373683913924 -21.031831033968135
61993.38455432717 0.6149703261470852 -0.020635026603196705 z 0.7652302236419716 63.46090645505843 0.015665325962378886 22.758840666986412 359.18416804016476 -20.964163849668623
62368.21243738142 0.49264852405388854 -0.11673397165893216 z 1.0056353422170055 54.76951570305452 0.02090776277153454 22.598922240951474 359.1947710764776 -21.82589522439484
60567.1576418878 0.13888352656394656 -0.3106312286718029 z 0.8102823709238582 67.92003416621229 0.015566747330576374 22.832569728414068 359.9290515003159 -21.78170438627262
60245.156724913366 -0.5184576533426356 -0.4977916119550403 y 0.9621821496136783 23.39120722917867 0.04233243326959028 21.675206580390935 359.42215650388636 -21.206580984938213
61222.33798650975 0.9259530039638781 0.3115747696781356 y 0.9219762988070564 26.71454472637812 0.03593171720541164 21.81944443232171 359.8397213827218 -21.5235171612729
62722.240477678155 0.640646070353267 -0.004777754611723121 z 1.2567273639391359 45.91831672779307 0.02913844526943871 22.407539887480674 359.90223411929406 -20.999291713359753
63135.13333398511 -0.04339154156089313 -0.3819852219031436 z 0.5769415733318812 102.51644052151948 0.01147484567928398 23.27955878569361 359.85645605286464 -21.47610498025769
63135.150095894256 -0.04365506056811715 -0.38208425370005467 y 0.6700714632009793 44.72603619150333 0.01801252168577026 22.378976016369112 359.85645605286464 -21.47610498025769
62751.17965454834 0.2465170950817769 -0.25622700017584615 z 0.9315321681639565 62.79388092667506 0.017890503386292993 22.747368301956094 359.77066461847267 -21.572531515843036
60245.20227376249 -0.5190449633064587 -0.49786383325262723 y 1.0993924413332226 18.698000254114298 0.05964164401655916 21.432062892527473 359.42215650388636 -21.206580984938213
61993.398998136625 0.6147995060181167 -0.020760075912814167 y 0.7957208903586221 32.18127855419048 0.026671805585452322 22.021583225453686 359.18416804016476 -20.964163849668623
61222.35326982488 0.9259145528905539 0.31146610734701574 y 0.9555420788127905 26.350858630185805 0.037615855420753005 21.804561916805206 359.8397213827218 -21.5235171612729
61397.05984869859 -0.8985331555632183 -0.3513060720681209 z 1.5201988244060047 29.512159628931094 0.05247262175437626 21.927577467383735 359.3552703317605 -21.416253580621934
62396.152142669234 0.08211386093604874 -0.3197397306650223 z 0.8419362798191461 69.91350547471755 0.015653204205417943 22.86397768484003 359.3402946859322 -20.9230832135586
60894.25403650283 0.6642196056558 0.013608742216471069 y 0.7601161952118278 35.39381175510924 0.02369001880669036 22.124893330980232 359.78172559487666 -20.996560513495073
60125.39068934963 0.9235933386604929 0.320383413313816 z 0.7482600545398727 91.02017110595276 0.012945339365824989 23.1504191081291 359.2082941529606 -20.926418014840408
60894.23825709552 0.6643946330857545 0.013746211526242403 y 0.7611809832841928 34.5255157460783 0.024208806206127066 22.097925426258595 359.78172559487666 -20.996560513495073
61571.42426521219 0.931454899141714 0.41252254386668896 z 1.0072624854414414 65.26350952146824 0.018390255251403823 22.789251049428664 359.8419871584092 -21.670011251053197
60125.404832284745 0.9235595678005764 0.3202867223112347 y 0.9096547215706509 34.415705561259976 0.028259831001820983 22.094466682944397 359.2082941529606 -20.926418014840408
60245.18739136855 -0.5188531044428524 -0.49784027036645173 y 0.7429972362947687 29.370295500103396 0.027202339454220865 21.922345779319414 359.42215650388636 -21.206580984938213
60658.0762930962 -0.8914543484116281 -0.40355470756230494 z 0.7625664362118578 61.199587433572745 0.01597684485810765 22.719446225245804 359.89208243129235 -21.633246504672886
60245.171958952466 -0.5186541182204494 -0.497815801459737 y 0.957064996589363 23.056730948562986 0.042696702786332204 21.659569318581564 359.42215650388636 -21.206580984938213
61015.074240208916 -0.8726755725245078 -0.43296182859425125 y 0.9150629441161288 29.318040619658664 0.03277444046768774 21.92041234469448 358.0831871091113 -19.98006415281067
61015.0579487411 -0.8726141757354928 -0.4330273618930364 z 0.9986586382194446 53.950093649062254 0.021039229984458997 22.58255549637992 358.0831871091113 -19.98006415281067
62431.15531789984 -0.45906025304585096 -0.483019141782519 z 0.7581542407510211 52.68162110661507 0.01752449715741866 22.55672281542082 358.6433130549707 -20.80495732496568
61994.379089593436 0.592592435483989 -0.022287370316524228 z 0.7106511336472774 76.64995292030581 0.013636662275629312 22.96385472025865 358.4059454942715 -20.285002724516993
62370.21389364899 0.4616511310663567 -0.11689431960736082 y 1.079870085384086 22.885765640824612 0.048233243784929214 21.651488604863648 358.9276577802953 -20.691309368239043
62370.22955543779 0.46143735214002857 -0.11702541920972608 y 0.7930059943504404 32.280624177981146 0.026523360103382843 22.02492979827761 358.9276577802953 -20.691309368239043
61285.28250364328 0.2996219002186866 -0.2023472784984574 z 1.1864371942223195 48.37734822328339 0.026485054540886264 22.464180136845613 358.2147780260088 -20.59910739424877
60900.35263354239 0.5750311469891852 -0.0407550304743382 z 0.9857467940712886 47.771685674459654 0.022929986292640637 22.450501404394707 358.4567842377609 -20.75685074907436
61341.171156761375 -0.5373413418638444 -0.483396626163737 z 0.7247726231809929 71.2693907913521 0.014262479358563927 22.884832605350987 358.1490825325327 -20.184758253974266
62048.238626892016 -0.2011613361136841 -0.41022445808335517 y 0.837700159729503 25.3566713819262 0.03451698162732366 21.762805594898996 358.55162438246754 -20.300830149917108
63490.11708048537 0.09819109376941092 -0.3045236429485044 z 0.9187265507419761 59.68819499758179 0.0183552903232559 22.692296103651547 358.66062326073217 -20.814735354421853
60900.36908228876 0.5748269478288532 -0.040895682893611306 y 1.0695878739625664 23.766056457096347 0.04610245959961253 21.692467800337095 358.4567842377609 -20.75685074907436
60182.24145904418 0.41422321782190524 -0.14149632586489932 y 0.5160386789842523 61.71690379956742 0.01303505765393431 22.728585315022226 358.94233037809875 -20.625420922042924
60275.12742706718 -0.8239276935966917 -0.469329287729837 y 0.7135937648135557 33.332583328271774 0.02362869186282706 22.05974742285649 358.61954580630913 -20.512892511125003
60869.3173192735 0.8695419296295848 0.22416126743998044 z 0.7615716539250549 53.717806450728915 0.01734920411262836 22.5778706643697 358.81685368217256 -20.33889370569022
62732.33764578282 0.4985447963562285 -0.09215705853268577 y 0.8041307200650675 36.48512064163076 0.02420247884864959 22.15786445573088 358.65499491507825 -20.737645774424667
62342.28102329636 0.7762004333634579 0.12035568023557204 y 1.0914552692203179 21.91677393488518 0.05079409089106195 21.60451655924415 358.6637584205054 -20.656005932614715
60182.22430412731 0.4144647414324054 -0.1413549822667451 z 0.668467531090868 94.34379299835997 0.012255753628738344 23.189358320755858 358.94233037809875 -20.625420922042924
60275.11126464274 -0.8238242280763594 -0.46937514591668955 z 0.712955517654841 63.541162174281844 0.015029862348304142 22.760212873794362 358.61954580630913 -20.512892511125003
59862.24966190759 -0.28629343441590965 -0.4404666176779127 y 0.8947103192046687 22.508438176128664 0.04098856124354837 21.633438391807715 358.60904978478413 -20.803935997700098
62732.32111515686 0.498763917539076 -0.09201741696171453 z 0.7254368334526266 82.57257299589149 0.013311049968808414 23.044664533170852 358.65499491507825 -20.737645774424667
62431.17152382668 -0.4592806202186083 -0.4830583251445961 y 0.86532256135816 26.856033434564523 0.03373691128484275 21.825179661453863 358.6433130549707 -20.80495732496568
61994.393338936374 0.5924193919672588 -0.02240843670546637 y 0.8601882971803365 31.187989667326047 0.029337655630972886 21.987543443323965 358.4059454942715 -20.285002724516993
61341.12287693034 -0.5367307181587107 -0.4833161012868364 z 0.6698772779673872 81.07758451197077 0.01297164420145835 23.02482699311135 358.1490825325327 -20.184758253974266
62342.29675221812 0.7760634696833113 0.12022462769743486 y 1.027805308422908 23.798500033185785 0.04433043759472341 21.693948952406377 358.6637584205054 -20.656005932614715
60217.23354515557 -0.12373907515349483 -0.3718987654256616 y 0.9659519305034678 22.05902460223628 0.0449167391118848 21.611540751801183 358.75520942569716 -19.608576312544667
62818.13300483188 -0.7162757549592091 -0.4931662313261751 y 0.7905709522283514 34.9772139528064 0.024715805344941694 22.11203802309221 358.63517965842897 -19.941120092119814
62041.16468097487 -0.09883944077229302 -0.36862188436457993 z 1.332108493279553 44.74699633014349 0.03140446055953833 22.379484710020222 358.1220171994643 -20.04992658021227
60576.280125220364 -0.026732382505533895 -0.3330609135383426 z 0.6079844701600097 99.03591170796928 0.011734039966751666 23.24205674910237 358.6197942335398 -19.461084898745085
61274.241164389576 0.4617529400183194 -0.10378949978582726 z 1.3432167240570803 45.32560667723121 0.03127656067881672 22.393434053611113 358.4499931920163 -20.048292648349484
60566.182380385006 0.12709280548182955 -0.27269621620504614 z 0.7625144482242611 79.8335558833495 0.01382849886869744 23.008038673421257 358.3591955056381 -19.82893722599114
60518.41918158787 0.7566365246026359 0.118354885206217 z 1.0606670747056317 53.456231342604106 0.022219281062017072 22.57257083364729 358.508926822728 -19.404794171666584
62042.0934818996 -0.1064114972881611 -0.3730947760028827 z 0.7535361382203637 71.81942874808747 0.014494275394057161 22.893179855220996 358.5213256063795 -19.98779425247992
63198.1113586316 -0.8311809308546219 -0.4689620982855334 z 0.6655513306149231 66.4936768110101 0.014148672511131987 22.809525859686396 359.00302079050675 -19.992827255418767
63457.27378074693 0.5649437583720215 -0.026195444076068046 y 0.8441766176955815 37.13076962392314 0.02483728487896348 22.176909866935755 358.2288666178096 -19.46509689547075
62818.11654063756 -0.716116196723504 -0.4931766473010958 z 0.8083028544326037 69.50471722873968 0.015337682868693938 22.857610691170823 358.63517965842897 -19.941120092119814
61274.25791428851 0.4615236001646607 -0.10392822071184017 y 1.1973515036894198 25.139148779596873 0.04866742031882173 21.75345140974814 358.4499931920163 -20.048292648349484
61658.17593046013 0.18905586607915978 -0.24110592178521742 z 1.0480430507200291 55.87802421639346 0.021255212638129364 22.620677593042345 358.60607219165877 -19.4234388230798
60217.21831345314 -0.12350191915735452 -0.3718151177100746 y 0.7887751237580856 27.822112758957726 0.030062595466455563 21.863550255197683 358.75520942569716 -19.608576312544667
61658.1261944615 0.1898224857810635 -0.2407421447651381 z 0.9061364566230566 61.394900037358944 0.01782785655009558 22.722905730627545 358.60607219165877 -19.4234388230798
60890.252980146965 0.6975404127535954 0.060694504390447906 z 0.7956893873035089 78.44261924653459 0.014244027505890143 22.98895520564362 358.9601683772835 -19.771350760235467
62076.162749416944 -0.5763430800172474 -0.4988711732239488 y 1.0370342915915407 21.84878840343513 0.04850614459098946 21.601143385985353 359.5955559672307 -20.418794083620373
63434.35828258182 0.810754785788588 0.15401552374921987 z 0.589448480701622 91.56824848613863 0.011892783369139433 23.15693725690604 359.18876115995477 -20.703357145333946
60928.29569975265 0.1947119378841524 -0.26181936681646056 y 1.310661542356782 18.760349508184973 0.07057543997033679 21.435677301887793 359.4121168692581 -20.5618231135592
61958.30266183905 0.9034436057162434 0.2729694641634062 y 1.0236714753443195 23.60914442002116 0.044497329880320485 21.685275611198538 359.3443544858758 -20.56939719397025
60510.33575371763 0.8318884492240571 0.17493506354904942 z 1.4230772537338086 37.24538685500077 0.039495095575717884 22.180256212912013 359.4460543615682 -20.684352314454525
60928.31110615136 0.19447477638199487 -0.2619327005094247 y 1.5569846185806024 15.310971044950026 0.1021812856723278 21.215081827122155 359.4121168692581 -20.5618231135592
62338.32837577079 0.8138745155704908 0.1601313859244637 y 1.2547521696337844 24.158809682389446 0.052891597343246825 21.71026382054087 359.23386747398814 -20.2395710387506
62076.14336509357 -0.5761073551991512 -0.4988507799760854 y 1.2720766762757152 18.14940649399819 0.07079894426268245 21.39973105837596 359.5955559672307 -20.418794083620373
63489.13941866125 0.12739812791786106 -0.2911282424448832 z 1.2783240017244306 46.17243501171113 0.02943649707028795 22.413531935894305 359.4635708252984 -20.44736065610391
62338.31170276934 0.8140025534540741 0.16026671491843691 z 0.6401830965992816 99.11763007671011 0.011904468795802125 23.242952262710318 359.23386747398814 -20.2395710387506
61958.31773841779 0.9033823427828801 0.2728594632771132 y 0.824175950586253 30.640788409635704 0.02869673232335402 21.968324828698208 359.3443544858758 -20.56939719397025
62076.17796635417 -0.5765280812097368 -0.4988871426055858 y 1.3283350996918295 16.354802499750424 0.08183317749775426 21.28668824906414 359.5955559672307 -20.418794083620373
63489.156141489555 0.12713752691854058 -0.29124559008380985 y 1.448024691971432 19.986657055665713 0.07313644827774413 21.504425390702625 359.4635708252984 -20.44736065610391
62076.12855321669 -0.5759271899450361 -0.49883515907537096 y 1.0973559618017235 21.525171913266963 0.0519516426906132 21.584941560866177 359.5955559672307 -20.418794083620373
63461.21513527361 0.5285670402456795 -0.056444827636713234 z 1.10815005636207 51.3949778198326 0.0237675402226297 22.529876696585095 359.1961728967166 -19.48610520996212
61223.34739207359 0.9210316280460228 0.31063000906903687 z 0.8853704375643398 49.38574640109553 0.020528046153501275 22.48657904403108 359.15750698182933 -19.70837076600905
62697.33761749766 0.8611789918762595 0.22030695981369872 y 1.7934972851619286 13.726895067312208 0.1310378410033807 21.096505773688968 359.97820323556 -19.452048320600667
61246.29371455517 0.7928236923801029 0.13772670098713616 z 0.6816099598172863 87.46845013685541 0.01267774449501513 23.1072035673639 359.73120022620924 -19.964106438620878
60511.26681658644 0.8287322397675655 0.1785878064584529 y 0.9181382508590729 26.761564795248166 0.03573576972310203 21.82135374864017 359.89108114954144 -19.773220790002217
60628.14280226621 -0.718059451035461 -0.4888370076055999 y 0.8030640069444268 28.732710348435177 0.029684555519642896 21.898516476159525 359.31966690475144 -19.61093801721462
60163.36868924771 0.6663489322462658 0.03241714653713067 z 0.8239441172657613 71.8045200282565 0.015220760489751198 22.892954448008854 359.88298541487995 -19.880992400061185
62697.32239462312 0.8612702969431776 0.2204230163543794 y 1.4435400247206276 16.893611324257808 0.08603202691922253 21.321881234246526 359.97820323556 -19.452048320600667
