data_rolling17_parallax_0_-20.csv
# %ECSV 0.9
# ---
# datatype:
# - {name: MJD, datatype: float64}
# - {name: ra_pi_amp, datatype: float64}
# - {name: dec_pi_amp, datatype: float64}
# - {name: filter, datatype: string}
# - {name: seeingFWHM, datatype: float64}
# - {name: snr, datatype: float64}
# - {name: position_errors, datatype: float64}
# - {name: fiveSigmaDepth, datatype: float64}
# - {name: fieldRA, datatype: float64}
# - {name: fieldDec, datatype: float64}
# schema: astropy-2.0
MJD ra_pi_amp dec_pi_amp filter seeingFWHM snr position_errors fiveSigmaDepth fieldRA fieldDec
[from data line 276]
61246.3227538636 0.8017723939637431 0.15115600455224817 y 0.8419329209024095 35.78683854507958 0.025563413982058355 22.136883324051468 0.7152932723351672 -19.123312120280943
61164.4099801395 0.6435995580643472 0.5000731297758588 z 0.9517275711740212 42.92747796712487 0.024321495025394643 22.33441342412891 0.011728868464666557 -18.946281838283753
62841.10735063536 -0.8674798242933988 -0.4471944551184235 y 1.0298050589134229 22.933535598764216 0.04600390988939679 21.65375252378967 0.40631679965339174 -19.311194917640172
59866.191907823355 -0.321547219037887 -0.4318159717747728 z 0.7345371963755938 80.1623017996856 0.01356329092954606 23.012500437006974 0.028178779545932144 -18.939428981627398
61750.07281864748 -0.8806241666763678 -0.4278997619052689 y 0.781828569045146 33.06210211041213 0.02567476467387603 22.05090114627221 0.6321731181876599 -19.165231553902732
60600.19323020938 -0.3678138594136815 -0.44595913023570877 y 0.7556437832250791 28.23883413003496 0.028566512500817542 21.87969189527363 0.003685177998690366 -19.10671756434844
63170.19526365936 -0.5415566821746913 -0.4914214460220148 y 0.9202963889488367 25.14070246516213 0.037947162024862195 21.753518509893738 0.7622815253958687 -19.643020148244986
60100.42300323438 0.8959599818441533 0.46172861929809 z 0.5604894536984821 90.61935901394719 0.011758206286980604 23.145627453959598 0.3287510296419071 -19.564363199317846
61311.23768523751 -0.05982571587820852 -0.3648403875197408 y 1.3642767769681718 16.998929239943614 0.08087723216794186 21.32862890439541 0.7113780415512855 -19.65048147176695
60518.42826376794 0.7780598799165128 0.12605466079392388 z 1.0752504160930512 50.772125476329094 0.023420211388153495 22.516638350858354 0.6513899393440847 -19.552103983809417
60600.177906979836 -0.36759375421345286 -0.44590580484484976 y 0.6284871478712156 35.10830496712609 0.020505107807190528 22.116099644623812 0.003685177998690366 -19.10671756434844
60212.15844961868 -0.008641153785975042 -0.3310915910315206 y 0.5450111316824054 55.18689930015147 0.014054540898189966 22.607164973477683 0.8118486304759398 -18.87799407403141
61984.33621193868 0.7257938460883301 0.07824568336055145 z 0.8209369024114779 75.4671932058111 0.01477607053583564 22.946970483924588 0.18432500484448489 -19.665422197652504
61246.30575869778 0.8019109382864359 0.1512938359153927 z 0.874659312247868 67.72299109445822 0.016334125751619032 22.82941531709106 0.7152932723351672 -19.123312120280943
62723.29376843476 0.639661891777649 0.010512749218644247 y 1.2090934797847621 24.039829936306706 0.05127991657326346 21.704903466747854 0.7572750621061998 -19.46545058868563
62841.09241285103 -0.8674124028550668 -0.4472504626904566 y 0.9797186801116279 25.114685335039706 0.04027113062873292 21.75239434216256 0.40631679965339174 -19.311194917640172
62723.276417391506 0.639859845833645 0.010660777017332222 z 1.2323935847107375 45.65237520989812 0.02878782989613346 22.401233434181698 0.7572750621061998 -19.46545058868563
61724.15274781247 -0.709603201372301 -0.4977018709078669 z 0.9862352012881631 46.3710844187204 0.023501948073340793 22.418193119861265 0.4686210320259353 -19.837784552340473
61750.05641884635 -0.8805700060628048 -0.42797092129928643 z 0.8229331511529189 60.005845980884025 0.016972911617395156 22.69805889651748 0.6321731181876599 -19.165231553902732
61311.25320695609 -0.06006941840325124 -0.3649313331988092 y 1.2368853149112988 18.461663779099293 0.06773968538665016 21.418252082661727 0.7113780415512855 -19.65048147176695
60535.28572760837 0.6013439424416199 -0.008653379316698769 z 0.6174105333028392 112.76988609043634 0.011400665726853719 23.383057843535298 0.6232392678845033 -18.966931880394817
60929.217666108656 0.1960808963257246 -0.24620153832073102 z 0.7134545225650195 75.9652836797363 0.013718849797106296 22.95411289910749 0.31702436193085753 -19.27594092329006
63086.305093122595 0.6696680175503618 0.03109333599214333 z 0.8494066329932031 67.79597539113661 0.016030360626039145 22.83058477259974 1.171643928228433 -19.508899479299544
60864.276457863394 0.9102667530362943 0.2825706185775537 y 0.9079339558557409 26.883597338764176 0.0352221665142895 21.82629344399862 1.7979975516465827 -19.680598428508393
62697.323943676936 0.8719050310700484 0.23220572178282903 y 1.4502552651804796 16.894650349759143 0.08642160252293514 21.321948009365986 1.5931818112425422 -18.99614815716992
59862.205279435766 -0.23589200615298284 -0.42290541791146036 y 0.809281296382739 26.495532738116356 0.032139383285229334 21.810506629593355 1.6109564097514353 -19.314817924684352
59865.25634284479 -0.2845477734603588 -0.44356152155123374 z 0.693231489403909 73.07909563539761 0.01378350549350226 22.91205789979844 1.453658935764196 -19.833725178606322
60864.37066464558 0.9099078469337929 0.2818859633893695 y 0.8589258686272052 34.24680019791681 0.027000555736618456 22.089124989219663 1.7979975516465827 -19.680598428508393
63462.255546339955 0.5498124188193749 -0.051171349025401464 z 1.4046593235138083 38.69989702371398 0.03764856387317286 22.221849512683182 1.607764846406428 -19.03674690538067
60864.26147461943 0.9103236282219098 0.2826794468740521 y 1.0481728373954815 21.940238733417058 0.048809369174397065 21.60567836129971 1.7979975516465827 -19.680598428508393
60630.155731308354 -0.7137434310409356 -0.4961226248961754 z 0.9443414956717009 45.09637997579308 0.023205715621534298 22.387929191990295 1.589881951490785 -19.544157719532706
60630.01629326728 -0.7118845519177005 -0.4965004614538025 z 0.6764053971377254 64.5238969587082 0.01448770993420718 22.776876461609213 1.639436400571686 -19.5501974564042
63014.41602067981 0.845464773457226 0.4867202474875836 z 1.364203782346783 43.93379689377656 0.03262187069005609 22.359571834038423 0.9584241836406663 -19.657974130172306
59862.2202918774 -0.23612026119905294 -0.42297387027772104 y 0.7264102917010532 29.214080710795237 0.026800595648784988 21.916555551090543 1.6109564097514353 -19.314817924684352
60575.296873645515 0.042625253203470985 -0.32548330995306307 z 0.6949268677717795 79.77282171226199 0.013262245646790788 23.00721237446514 1.7192277131775744 -19.382330712819446
63134.12983282859 -0.0030923056479069872 -0.33707695161930745 z 0.6158075646611818 102.03687705614185 0.011680025717246975 23.274467884436522 1.25029633770959 -19.079252503588204
60238.068902021725 -0.3975352367215772 -0.46585620439760334 z 0.6921840916534366 96.23650825342307 0.012317974897701534 23.21092463196727 1.097277528706484 -19.614758529765858
62761.18710035967 0.09813030410753378 -0.2774340500411709 z 0.5999147685543746 103.74876375948267 0.01155144655742085 23.292532315376093 0.11329457961725257 -18.498997533881646
61606.28772160857 0.8416173547855101 0.19633395038943285 y 0.6989422195240442 33.10539696617535 0.023361152136624905 22.052321988823202 0.8374625066417901 -18.763998220393887
62312.39063517819 0.9320950959922885 0.3601335256774085 y 0.9872867344440583 27.61983184882437 0.03711800153395373 21.855627564760148 0.21010792276260276 -18.652702620297113
61220.37203814556 0.9316863627250452 0.3422763718179812 y 0.6619307706896175 41.40564204732701 0.01885650487645438 22.295223797461606 0.45880429914819065 -18.557462287506983
63407.41518188452 0.9318024942818116 0.3664196458910777 y 0.7637889611905723 35.80767650427852 0.023558061652501513 22.13751534250592 0.2601324714998244 -18.338701897249813
62312.40569951718 0.9320812631195938 0.3600462361533696 y 1.281415680802414 21.350295021423825 0.06084601222571917 21.576084690524056 0.21010792276260276 -18.652702620297113
60894.27582612694 0.669789606588186 0.049565456276713576 z 0.6843259106148104 73.86367520800053 0.013632129209359738 22.923652271372514 0.24673087650695952 -18.434630866472137
60546.33816338327 0.45967893983572744 -0.0987289468604961 z 0.8617255511259101 63.180462964161 0.016912286564192264 22.754031999004106 0.6906902993765931 -18.81176138887309
63021.4170296469 0.8875118259095058 0.46071399853452527 z 1.2216406416722274 42.75054912215872 0.030275221650248912 22.329929232972 0.6119603854036649 -18.660524540500976
60565.225569140974 0.1708810656441731 -0.23832422128773081 y 0.4934575642939284 65.51452674508337 0.012519245907568822 22.79341900958725 0.03481456172025611 -18.26010179669652
60247.05416273044 -0.5260021556158677 -0.4726021981996537 z 0.7917020608795163 63.99362108992216 0.01590773198232157 22.767916702888563 0.6109292834424807 -18.48244435166415
60889.26100320894 0.7241734323122077 0.08670567806175666 y 0.8198160204009 36.50862529433044 0.024581401087661794 22.1585636896987 0.3941745765367471 -18.831448888973746
61993.29456826151 0.6269542372016372 0.017749581234258342 z 0.8084296351323895 62.14830828158832 0.0164076178362772 22.736148267542543 0.005452466278354866 -18.50538880722465
61220.35513510845 0.9317170954735687 0.3423801722829247 z 0.6293888729294957 78.35279912421244 0.012826736134399379 22.987711279380957 0.45880429914819065 -18.557462287506983
61368.07675663993 -0.7816033601845216 -0.4803457744254329 z 0.6004597829358048 79.42322787531451 0.012536245124429328 23.00244382277231 1.2333404243360189 -18.76540501701056
62695.29461332299 0.881485357223311 0.24909804302631633 y 1.3681992283748772 18.693047184658788 0.0738729153337726 21.43177524469558 1.390872007692009 -18.651669949839558
62695.30961413454 0.8814086545424064 0.24898794686907222 y 0.8033573301370838 33.72660202276285 0.025833656507457305 22.07250645900953 1.390872007692009 -18.651669949839558
62350.38926111997 0.7264816158536702 0.09034888092770775 z 1.5158242638489081 39.86882988279996 0.03931338259002591 22.25415871332344 1.0946446754171217 -18.400905682733367
62787.20679449129 -0.2754483529140654 -0.44614149690584676 y 0.744316893400454 33.8800867906136 0.02413801547840066 22.077436274640473 1.9394218220777213 -19.80122442590465
62787.22216532117 -0.2756793070097492 -0.4462051301182659 y 0.9309623553329522 26.090681566441706 0.03705658519208671 21.793788549949834 1.9394218220777213 -19.80122442590465
