data_twi_bad_parallax_0_-20.csv
# %ECSV 0.9
# ---
# datatype:
# - {name: MJD, datatype: float64}
# - {name: ra_pi_amp, datatype: float64}
# - {name: dec_pi_amp, datatype: float64}
# - {name: filter, datatype: string}
# - {name: seeingFWHM, datatype: float64}
# - {name: snr, datatype: float64}
# - {name: position_errors, datatype: float64}
# - {name: fiveSigmaDepth, datatype: float64}
# - {name: fieldRA, datatype: float64}
# - {name: fieldDec, datatype: float64}
# schema: astropy-2.0
MJD ra_pi_amp dec_pi_amp filter seeingFWHM snr position_errors fiveSigmaDepth fieldRA fieldDec
[from data line 92]
61668.18236574936 0.0464283290961336 -0.3105253428203637 y 0.765650624998504 38.636228863909956 0.022197069077823265 22.220061814087902 359.378954136669 -19.43936917861061
61600.3225804107 0.8718082011431345 0.22903587479980292 z 1.2730959890376858 46.398599510918416 0.02920371738164621 22.418837169326288 359.7857354633755 -19.658605214632296
62487.064075812166 -0.9007275005006689 -0.3943728126614837 z 1.0254393674808762 46.86448925082356 0.02405775979042892 22.429684709814268 359.9628828199175 -19.577023266088883
61994.37130051854 0.6039087106975997 -0.008470459794644402 z 0.758599475084352 72.10498087454157 0.014515042943955486 22.89748815413512 359.23192085334875 -19.53009432744352
63463.19801577273 0.5025031541125777 -0.0821625996372534 y 0.6332259699843651 40.97709814746586 0.018406531240442888 22.283927989063905 359.1885172884466 -20.084652754360445
60193.31745165652 0.25454228282487545 -0.2117574098052011 z 0.7422252810624342 83.05418364135726 0.013411320660974923 23.050978773680963 359.0912953231598 -19.551882750873915
63078.29459183117 0.7285105505235675 0.08810849759011524 y 1.4158675222844153 20.129116497201895 0.07104656245873169 21.51213677253031 359.10996669701706 -19.69044462015358
63380.40823656422 0.8607327002586704 0.4790303065462914 z 0.8229269342001319 61.50222250675574 0.01670437768387696 22.724802014573278 359.5372905194839 -19.796632266321932
63461.23228949344 0.528345252707432 -0.056588416536223464 y 0.9450114308903219 30.775645921946833 0.032293765114240584 21.97309293093385 359.1961728967166 -19.48610520996212
61695.197887624876 -0.37129926421115317 -0.4518360101527482 z 1.0618308394324891 41.91811533095744 0.027233495172028565 22.308579359704726 359.16104407206586 -19.67282582960378
60511.28191959394 0.8286217610364964 0.1784668864032436 y 0.7490448824710277 34.24470950280827 0.024050807734140468 22.08905870528511 359.89108114954144 -19.773220790002217
60240.07555498306 -0.45218674927869223 -0.4669497351841845 z 0.5775344774705949 105.49149429062204 0.011400542100822152 23.31061859958155 359.334794465664 -19.59859569050583
60193.33385010974 0.2542942725646627 -0.2118822895200593 y 0.6328632320181139 45.16330372175838 0.017215047917735565 22.389539247427926 359.0912953231598 -19.551882750873915
63463.18280505068 0.5027041993718132 -0.08203482427400974 y 0.7530933396037007 33.02684079040515 0.02489884239599497 22.04974257136659 359.1885172884466 -20.084652754360445
62435.15383658395 -0.4993259526585467 -0.48530804927538995 z 0.7260400832242832 79.86320608630889 0.01351470007266027 23.008441841260158 359.53596125647255 -20.070837293782557
63078.27772466837 0.7286753006249138 0.08824887105758766 z 1.1596788058330085 47.91874747799889 0.026185598539366375 22.453838633517584 359.10996669701706 -19.69044462015358
62697.29295079542 0.8614467392496011 0.22064745021911994 y 1.2675092546625288 18.498401662328053 0.06924580354327828 21.420410502164927 359.97820323556 -19.452048320600667
62104.07085123242 -0.8413835912429211 -0.4586253598425215 z 0.857933810363092 55.465297997659064 0.018418933655515564 22.612628365808348 358.644505149094 -18.96864993333622
63170.16442471183 -0.5691221831775676 -0.47694383462843437 y 0.7287383141671242 34.06788961636117 0.02361281314236101 22.083438067696886 358.71833348897735 -18.958189405261756
60274.11149562116 -0.8186467256145373 -0.46539281267388605 z 0.9965463970824666 42.88235873310987 0.025299301512994157 22.333271653154874 358.42419672092325 -19.270517190768583
60540.21710253605 0.5147259696506044 -0.055300802047971394 y 1.0086018696996775 24.14538141301353 0.04295233910688745 21.709660164490593 358.88056003033137 -18.96148279078393
60538.22428243906 0.5384727971360687 -0.03780474762050817 z 0.8871092208394478 63.118429151562204 0.01724917343055054 22.752965443937065 358.7322505652679 -18.8665868951658
60274.07598774018 -0.8184121184021881 -0.46547627220859594 y 0.5635541275538146 47.02293589843656 0.015608721659577732 22.433349341683382 358.42419672092325 -19.270517190768583
63435.32220441181 0.8006401515564759 0.16231436947318728 y 0.9900711245852355 26.0524736118942 0.03929662840249473 21.792197400858658 358.9029394342253 -19.040679494476333
62751.179189859526 0.2228155671637601 -0.21011153017793616 z 0.9337491828631532 62.431425449512055 0.017991492726667908 22.74108311656466 358.3630190688958 -18.683789267806524
60274.127805335746 -0.8187543805262715 -0.46535441684393425 y 0.9235328248583465 24.865506668903535 0.03846378774311185 21.74156827167468 358.42419672092325 -19.270517190768583
62368.21288902017 0.490462836107866 -0.06871070875691689 z 1.0113872346354225 54.34134560822896 0.02112810993652033 22.59040095985383 359.0397212288077 -18.682151211666515
59857.213357518376 -0.2142727913029461 -0.3951412777032932 y 0.7048881358776727 40.07009359163192 0.020235032894525114 22.259625881196396 358.35707003225144 -19.321486255098492
63435.30646339649 0.8007665457096406 0.16243848215776566 y 0.8122317221715747 31.695817687629585 0.027507877106243212 22.005079889577026 358.9029394342253 -19.040679494476333
61274.2255308257 0.4704807263657998 -0.08610473271058067 z 1.2284478611790794 49.16019135348896 0.02691530590044477 22.481608900875948 359.0053552231119 -19.02159064234942
60540.232352408224 0.514525801563641 -0.05542701756329453 y 0.7189543873866076 35.25342190461742 0.022713668241088347 22.120578185539852 358.88056003033137 -18.96148279078393
63078.258168308574 0.7203170996821515 0.09147522766477378 z 0.981207356514821 55.828822240131174 0.02022104290987639 22.619721154433204 358.3343204341289 -19.181484352525384
60274.05953727884 -0.8183033197393549 -0.4655148769144892 z 0.5213797314976055 92.49321135916173 0.011479338847834574 23.16784963513054 358.42419672092325 -19.270517190768583
61575.35683248854 0.9360702670601645 0.3952410593635396 y 1.2690677514232773 19.22033600249828 0.06678031337577664 21.4619774280786 359.85633963526436 -18.901094958210273
59862.18243967984 -0.2646018411254877 -0.4116610875013599 z 0.8445224643413034 41.32579978903248 0.022751233880673065 22.29312815750928 359.85754152775024 -18.74129893757575
62369.26227427152 0.4842321678595158 -0.08000697284770293 z 0.6694040752160381 79.97898970432489 0.01304042559134227 23.010014773705972 359.56106601801355 -18.943366615379833
62012.20994038175 0.36570578391593545 -0.1410881029904797 z 0.9677600435818668 62.24302997037854 0.01848629245115427 22.737801803684505 359.2061059332156 -18.58065107965243
62377.363804960674 0.3720166595690021 -0.13578845383725355 y 1.190996733161008 21.215255936230765 0.05702238872561458 21.569195677580844 359.6042539765652 -18.319029070995054
61276.26496422657 0.4552977499680005 -0.10284540933305764 y 0.9009427354265946 32.33957467465264 0.029599230520025697 22.026910748736338 359.8365423156035 -19.15593708043415
62077.165134963194 -0.5876925078884486 -0.48498831421056465 y 1.3988203367604422 16.129812237934857 0.08729731373490185 21.271648268992646 359.64435932278116 -19.04252156105951
62077.18040006464 -0.5878755550822615 -0.4850066862548004 y 1.277852909065456 17.20115744223105 0.07495880228524407 21.34146916658314 359.64435932278116 -19.04252156105951
61276.24909475317 0.4555159857610561 -0.10271460118427948 y 0.9266240094205659 31.22352744170884 0.031316621221024785 21.98877990269048 359.8365423156035 -19.15593708043415
62369.279144439155 0.4840056586279214 -0.08014642842197331 y 0.618789668959312 46.97002238640841 0.01653958811367967 22.432126907091533 359.56106601801355 -18.943366615379833
61639.251280125296 0.48355397445236664 -0.08326833455165163 z 0.8419817066647186 63.01939092562588 0.016688549407325448 22.7512604928037 359.73714340290456 -19.019862130124405
60949.16393737958 -0.13360471353918443 -0.36704229969167995 y 0.9513252518668885 31.75279879352111 0.0315851723572903 22.00703001771904 359.30174499816525 -18.774733883185217
61571.4232646653 0.9325987524215107 0.41108258977151085 z 1.0617951593335881 61.366057083570254 0.019984532944824888 22.722395538454215 359.1194704330499 -18.61275232087885
61639.26824815861 0.48332550454567436 -0.08340887706374674 y 0.7393768418711255 38.77166947063523 0.021532904752103142 22.22386124343672 359.73714340290456 -19.019862130124405
61338.17874279237 -0.48007830628388015 -0.47029044429145783 y 0.7520611554066482 29.256360110922657 0.027582484469426818 21.918125721685776 359.42728152126097 -19.29204466388293
61252.26651841741 0.7363601563775913 0.09633947424456436 y 0.7224770270791022 29.98217258569984 0.026089460836413808 21.9447327385422 359.5042714781153 -19.19532147570714
61246.3192770291 0.792988635245903 0.14433823026380338 z 0.8762274596174002 69.25968736244529 0.01612625995197185 22.853776306201958 359.77090831660615 -19.359685161417737
59862.198662206065 -0.26484603611042234 -0.41173379692152645 y 0.7527872457785824 28.574914128828613 0.02817843565925314 21.892537324060804 359.85754152775024 -18.74129893757575
60949.14743079062 -0.1333480092160321 -0.3669522523180892 z 0.8516471985157058 72.89348662983056 0.015378651997941068 22.9092967987375 359.30174499816525 -18.774733883185217
62377.34761025122 0.37225003264379847 -0.1356594545503908 z 0.9567680838214021 53.920401387795785 0.020367927866954728 22.581957780315648 359.6042539765652 -18.319029070995054
61252.2516653213 0.736504574662454 0.09646222162409335 y 0.8993855217559388 23.208366436065724 0.04002208492233669 21.666686421431823 359.5042714781153 -19.19532147570714
60958.231999558695 -0.2733716534861363 -0.41801467728628533 z 0.7061416136288762 76.60967105504997 0.013600013754477645 22.963283983108496 359.24154606717474 -19.194265991401867
61367.095905345166 -0.7912649539186414 -0.47279914800540845 z 0.598053642958797 75.7413421253484 0.012741539041829642 22.95090748037694 359.1836661268196 -18.71169847380413
62051.20306329896 -0.22536078827494002 -0.39248057882453175 y 0.9627597178205769 28.997987940620035 0.03467420831922041 21.90849465144174 359.78768443122897 -18.13367559850031
61246.33608549518 0.7928475918154098 0.14420180661685444 y 0.7240972134202811 42.66152483100869 0.01969987912240395 22.327665924600414 359.77090831660615 -19.359685161417737
61338.19380449984 -0.4802789790761492 -0.4703260728632702 y 0.7541643848373473 28.285054206205476 0.028476578794652492 21.88146752758581 359.42728152126097 -19.29204466388293
61695.20600474103 -0.3618458144952992 -0.4466291726874402 z 0.8722409563563284 50.6144912677083 0.019924288233977475 22.513262179311976 359.760120276118 -19.210453489669916
61695.222509876905 -0.36208392578686127 -0.4466876685847762 y 0.8361155251810872 28.881010893249535 0.030628794765469182 21.904105965011695 359.760120276118 -19.210453489669916
60224.10613359748 -0.22405243842624703 -0.39361086707935283 z 0.6806987527255836 99.98843327380166 0.012097346814890095 23.252449397762366 359.0858251776913 -18.70803734506454
61957.39292501781 0.9070191163831034 0.2916393378530646 y 0.8526371800962769 33.33414877600819 0.02746377857749458 22.05979841270497 359.34815585180974 -18.714909993574942
61957.40838902234 0.9069598898365108 0.29153504638729866 y 0.7620478942878266 38.18976467769356 0.022319764016235356 22.207442444893324 359.34815585180974 -18.714909993574942
60890.29595578012 0.7179214098052347 0.041807416183762505 y 0.7713970411188629 40.81415622636088 0.021382674944126837 22.279602045455135 0.7670579321578256 -21.836906335142054
62369.26179540578 0.49998729941625064 -0.11895145699654884 z 0.6670312893874801 81.15107896802539 0.01294458207684558 23.02581073538642 0.6202127550106407 -21.67400556732603
60127.352779692694 0.9224989919158275 0.31455831107241794 y 1.0998588778100586 24.38385483553712 0.046201232728901705 21.720330899611945 0.5914438972971147 -20.950165353073082
62105.09271219349 -0.8336410848603896 -0.4763953627968496 z 0.9978087846670489 45.62615297675208 0.024047103235422005 22.40060961981385 0.78382430516563 -21.62978628829574
61660.13635690269 0.18946874102817238 -0.27966216499973623 y 0.8305432534956162 31.232358158952188 0.028410483179854257 21.989086929943294 0.39233534674012494 -20.990077261389985
63457.25736563555 0.5969413643436664 -0.049202717004020145 z 1.038809707049774 64.00461165532596 0.019063589280568262 22.7681031563191 0.5542754015284382 -21.62698498364326
63457.27428050909 0.5967373292796798 -0.04935189170944409 y 0.8433875571084225 37.23893326483858 0.024757466410097358 22.18006806870942 0.5542754015284382 -21.62698498364326
62754.313382773 0.2188244014738023 -0.27492651932599443 y 0.9301090953306062 24.491821920192812 0.03927085878277121 21.725127721720142 0.948417463629117 -21.36661130740261
62105.10907126332 -0.833740342772554 -0.47633634244797246 y 1.2738835635548957 18.872564096627563 0.06823595962421058 21.442152261745825 0.78382430516563 -21.62978628829574
61660.15147928048 0.1892355445320072 -0.279773229484556 y 0.7226865779868784 37.13736608518863 0.021878864660300625 22.177102736105546 0.39233534674012494 -20.990077261389985
60540.21665095503 0.5420148204347364 -0.0862019200876111 y 1.010993034110511 24.244779704773634 0.042881707986033836 21.714120595013924 0.7732595781341968 -21.417658746691895
60127.36826750713 0.9224604040255963 0.31444933344640236 y 1.1466305303670223 23.750308899796828 0.04930333266841501 21.69174814538899 0.5914438972971147 -20.950165353073082
62489.117947318686 -0.9025519352504832 -0.3826155153211787 z 1.134723342093912 34.427345562867686 0.03444354558427447 22.094833836087176 0.31744184047293694 -21.164243436077623
61256.39775137404 0.7091366491745629 0.042656139553612755 z 1.4107242977663734 37.22288911059008 0.039196463581638 22.179600185467883 0.7597340010470591 -21.101078151469984
63196.11237251077 -0.8054915552438074 -0.48706308827196587 y 0.584704066068914 43.457124907163404 0.01676394563420654 22.347727464953163 0.6649719832903077 -20.91458453739683
62705.41695199688 0.8073483591073534 0.13958571935959738 z 0.7723470821463402 84.32954306974315 0.013560286579784362 23.06752435705269 0.24826902337181997 -21.214971830494672
61367.09862461667 -0.7803891452227745 -0.4955411962794127 z 0.6692241219286315 67.99189428267474 0.014031351728427096 22.833717841582384 0.4973438743723658 -21.56163514588307
61015.07468915553 -0.8600176451663939 -0.44961390052726563 y 0.9217734697373182 29.45128860029437 0.032856959157373494 21.925335742889153 0.8654555021463952 -21.0195775269387
60547.35301106318 0.44140804335242984 -0.14978985691726834 z 0.9210636517443691 63.84149966947339 0.017554156891610988 22.76533268981485 0.4187092911491296 -21.493335374428234
61015.0583976475 -0.8599429586576485 -0.4496831689314923 z 0.9863622154616989 55.12627960807622 0.020497596461994824 22.605971698083323 0.8654555021463952 -21.0195775269387
60540.231892423435 0.5418194676647028 -0.08633479454083896 y 0.7196676899905892 35.56586381771054 0.02257092416458432 22.130158392242954 0.7732595781341968 -21.417658746691895
60547.36941073852 0.44118062122367857 -0.14992844475871547 y 0.7589775687506252 36.69353302154078 0.022974713810245947 22.16404881324109 0.4187092911491296 -21.493335374428234
60224.10566615543 -0.1939238939405295 -0.434662515106536 z 0.6805937273945272 99.98844189976288 0.012096755417814586 23.25244949142838 0.8862022827531336 -21.248704973029234
61196.379676617486 0.901356743735369 0.46373104674195703 z 0.9012260027788174 53.524942451099975 0.019583188466566905 22.573965511715883 0.20572329651598473 -21.574697634307476
61196.395961773436 0.9014277740465053 0.46366175812973814 y 0.9191457910541129 28.112497570987255 0.03419036261514151 21.87482356645798 0.20572329651598473 -21.574697634307476
63195.10906589931 -0.7945608065717354 -0.49315297068487457 z 0.6349427792850989 72.7948797444729 0.013269494179531733 22.907827071476717 1.101675007233411 -21.15098375225968
63435.30740297011 0.8211218358813526 0.1503720578882016 y 0.8132368286882249 31.92157359237907 0.02736843212431107 22.01278571916827 1.2477772487352152 -21.296720473545733
