data_base17_ddf_parallax_9.45_-44.csv
# %ECSV 0.9
# ---
# datatype:
# - {name: MJD, datatype: float64}
# - {name: ra_pi_amp, datatype: float64}
# - {name: dec_pi_amp, datatype: float64}
# - {name: filter, datatype: string}
# - {name: seeingFWHM, datatype: float64}
# - {name: snr, datatype: float64}
# - {name: position_errors, datatype: float64}
# - {name: fiveSigmaDepth, datatype: float64}
# - {name: fieldRA, datatype: float64}
# - {name: fieldDec, datatype: float64}
# schema: astropy-2.0
MJD ra_pi_amp dec_pi_amp filter seeingFWHM snr position_errors fiveSigmaDepth fieldRA fieldDec
[from data line 3519]
63454.28086085501 0.738760962981155 -0.2450049486134034 y 0.7350673723945964 42.268066426153524 0.020060738899087747 22.31760594232259 9.548096896176213 -43.68212575456234
63454.28127752167 0.7387569364824179 -0.2450102023678877 y 0.7348238756492766 42.29815219295432 0.0200450273389497 22.318378477932555 9.548096896176213 -43.68212575456234
63454.281694188336 0.7387529099589917 -0.245015456042222 y 0.734582382495984 42.32810450708413 0.0200294306052327 22.31914704113015 9.548096896176213 -43.68212575456234
63454.282110855 0.7387488834105186 -0.24502070980815627 y 0.7546750069766015 41.13228368979116 0.020895720653453645 22.288032045350935 9.548096896176213 -43.68212575456234
63132.26860801347 0.17171106707309083 -0.6853416851723008 z 0.6992627267691797 97.73325618737586 0.01229598649522886 23.227680910255636 9.793242437956508 -44.092137125840864
63132.26985801346 0.1716916140721331 -0.6853498783409049 z 0.7947457877230979 85.10275224215312 0.013682492346619286 23.077434002892335 9.793242437956508 -44.092137125840864
63132.231864812835 0.17228284545055803 -0.6851007099301487 y 0.6703911340220162 47.71078911836392 0.017246293153736093 22.44911648837098 9.793242437956508 -44.092137125840864
63132.27027468012 0.17168512971438782 -0.685352609308995 z 0.7949923613145448 85.05230802190633 0.013688252762288206 23.07679024751107 9.793242437956508 -44.092137125840864
63132.26194134688 0.17181481517701983 -0.6852979830146674 z 0.6665605601411122 103.33398268377842 0.011899980573093069 23.288182909731052 9.793242437956508 -44.092137125840864
63132.23144814617 0.17228932902290509 -0.6850979756987201 y 0.6703397724595246 47.717467979914304 0.01724381395778273 22.449268466035125 9.793242437956508 -44.092137125840864
63132.270691346785 0.1716786453561058 -0.6853553402775324 z 0.7952410796921985 85.00162867591469 0.013694057714180523 23.076143106921748 9.793242437956508 -44.092137125840864
63132.23436481281 0.172243943874603 -0.6851171144156916 y 0.6950390639632392 45.85687677392124 0.018158349244358298 22.40608617020136 9.793242437956508 -44.092137125840864
63132.23061481285 0.17230229611088596 -0.6850925071665367 y 0.6308525247764176 50.978275926208994 0.015910338081693336 22.52103784826048 9.793242437956508 -44.092137125840864
63132.23269814616 0.1722698782974553 -0.6851061781530928 y 0.6704987889091453 47.696638146865034 0.017251528928472763 22.448794412351493 9.793242437956508 -44.092137125840864
63132.26819134681 0.17171755140310566 -0.6853389540207424 z 0.6990550921441292 97.7900047301351 0.01229233608511486 23.228311156998473 9.793242437956508 -44.092137125840864
63132.23478147947 0.1722374602496575 -0.6851198483725887 y 0.6951044181757342 45.84725675597674 0.018162193840540703 22.405858376722286 9.793242437956508 -44.092137125840864
63132.23103147951 0.1722958125791506 -0.6850952414210442 y 0.670290053830491 47.723987073915175 0.017241401982649528 22.449416787671378 9.793242437956508 -44.092137125840864
63132.26235801354 0.17180833098529946 -0.6853007145557046 z 0.7710744601784564 88.29682175522386 0.013276332313758611 23.117437667724204 9.793242437956508 -44.092137125840864
63132.2289481462 0.1723282302263774 -0.6850815696558883 y 0.6306878347281739 51.00373702136971 0.01590302284311644 22.52157998373328 9.793242437956508 -44.092137125840864
63132.226852885164 0.17236083327553137 -0.6850678187778736 y 0.6171839606724615 52.23786934249746 0.015478737037377835 22.547538626152775 9.793242437956508 -44.092137125840864
63132.22936481286 0.17232174669804126 -0.6850843041050457 y 0.6307267039294429 50.99762785149511 0.01590476734321808 22.521449927690792 9.793242437956508 -44.092137125840864
63132.2627746802 0.17180184679375804 -0.685303446165084 z 0.7712774974438855 88.25382582560397 0.013280644951873338 23.116908842268074 9.793242437956508 -44.092137125840864
63132.2615203756 0.17182136634639128 -0.6852952230075068 z 0.6658450032206675 103.48599803861649 0.011891104110606005 23.28977897026227 9.793242437956508 -44.092137125840864
63132.22853147954 0.17233471372573073 -0.6850788352066414 y 0.6306505001238206 51.009675418864376 0.01590133445780478 22.521706389330568 9.793242437956508 -44.092137125840864
63132.263191346865 0.1717953625812846 -0.6853061778089028 z 0.7714825625477812 88.21058046692877 0.013284995046007551 23.11637668903074 9.793242437956508 -44.092137125840864
63132.23311481282 0.1722633947011348 -0.6851089122816504 y 0.6705550837739288 47.68727572197983 0.017254739965993998 22.44858127109355 9.793242437956508 -44.092137125840864
63132.26360801353 0.17178887835664552 -0.6853089093498504 z 0.7716896585419001 88.16708584352547 0.013289382741544656 23.115841205266992 9.793242437956508 -44.092137125840864
63132.269024680136 0.17170458275613618 -0.6853444162323487 z 0.794259060033169 85.20293450869366 0.013671104351312855 23.078711370999994 9.793242437956508 -44.092137125840864
63132.26402468019 0.17178239413647908 -0.6853116408220983 z 0.7718987885107754 88.12189867379766 0.013293902723711603 23.115284603873288 9.793242437956508 -44.092137125840864
63132.26444134685 0.17177590989573846 -0.6853143723171565 z 0.7721099555718401 88.07348267535183 0.013298656452492166 23.114687913956416 9.793242437956508 -44.092137125840864
63132.27110801345 0.1716721609777863 -0.6853580711886408 z 0.795491946617435 84.95071440351715 0.013699907397700859 23.07549257784362 9.793242437956508 -44.092137125840864
63132.264858013514 0.1717694256596494 -0.6853171037777754 z 0.7723231628755255 88.02482229124257 0.013303448978114361 23.114087881581096 9.793242437956508 -44.092137125840864
63132.265274680176 0.1717629414028072 -0.6853198351812337 z 0.7725384136054294 87.97591772427872 0.013308280460774848 23.113484503887427 9.793242437956508 -44.092137125840864
63132.26569134684 0.17175645714202908 -0.6853225665046315 z 0.6978481313015885 98.12480358933564 0.012271035052351695 23.232021990290917 9.793242437956508 -44.092137125840864
63132.26777468015 0.1717240357247119 -0.6853362228920838 z 0.6988493124783944 97.8464825854681 0.012288714528085637 23.22893803447769 9.793242437956508 -44.092137125840864
63132.2661080135 0.17174997286031893 -0.6853252978738293 z 0.6980446819773257 98.06968258237586 0.012274514260777499 23.231411913263358 9.793242437956508 -44.092137125840864
63132.26652468016 0.17174348858755406 -0.6853280291855982 z 0.6982430724450668 98.01428975143654 0.012278021687418856 23.230798482161173 9.793242437956508 -44.092137125840864
63132.228114812875 0.1723411972376075 -0.6850761007230444 y 0.630614699583257 51.01544302235261 0.015899702135099548 22.521829145295456 9.793242437956508 -44.092137125840864
63132.22769814621 0.17234768071692336 -0.6850733661478474 y 0.6305804325953567 51.021039810366176 0.01589812582465228 22.521948252407228 9.793242437956508 -44.092137125840864
63132.27152468011 0.171665676587659 -0.6853608019737993 z 0.79574496588781 84.89956540417757 0.013705802010064891 23.074838656965046 9.793242437956508 -44.092137125840864
63132.27194134677 0.1716591922132754 -0.6853635329192578 z 0.7960001413372085 84.84818187748219 0.0137117417503119 23.074181340943376 9.793242437956508 -44.092137125840864
63132.22728147955 0.17235416420428995 -0.6850706316070005 y 0.6305467841785941 51.02656811658227 0.01589657227761061 22.522065889309015 9.793242437956508 -44.092137125840864
63132.26735801349 0.1717305200221658 -0.6853334916489257 z 0.698645384677459 97.90268952574912 0.012285121694716164 23.22956154579108 9.793242437956508 -44.092137125840864
63132.233531479484 0.1722569111040987 -0.6851116464445579 y 0.6706130246525142 47.67775435890392 0.01725801891908172 22.448364468589826 9.793242437956508 -44.092137125840864
63132.233948146146 0.1722504274911399 -0.6851143804359839 y 0.6706726123743624 47.668074101610074 0.017261365883970196 22.448144003656623 9.793242437956508 -44.092137125840864
63132.2322814795 0.1722763618737383 -0.6851034440932352 y 0.6704441392524856 47.70395051053932 0.01724883964559644 22.448960853630542 9.793242437956508 -44.092137125840864
63132.2694413468 0.1716980984302362 -0.685347147326657 z 0.7945013551924707 85.15296113744466 0.013676776273567339 23.07807437631555 9.793242437956508 -44.092137125840864
63132.229781479524 0.1723152631954676 -0.6850870384397033 y 0.6307671082827734 50.99134793102337 0.01590656801213174 22.52131622035673 9.793242437956508 -44.092137125840864
63132.230198146186 0.17230877965514474 -0.6850897727745396 y 0.630809048365349 50.98489728189583 0.015908424905720673 22.52117886085116 9.793242437956508 -44.092137125840864
63132.266941346825 0.17173700431085331 -0.6853307604744672 z 0.6984433056774649 97.95862532350989 0.012281557456815641 23.230181694006347 9.793242437956508 -44.092137125840864
60118.409128390296 0.9241495486774348 0.38661859457971864 y 0.6404333956941368 48.808103387932874 0.016497654846513433 22.473804818987666 9.796646119614255 -44.08424012287467
60118.40162839038 0.924130632061151 0.3867067176558355 y 0.6862833261969757 44.910749631152704 0.018262267976098274 22.38345074961545 9.796646119614255 -44.08424012287467
60118.40954505696 0.9241505991577539 0.3866136986890715 y 0.6402020287375508 48.846447456648335 0.01648569776059088 22.474657447880464 9.796646119614255 -44.08424012287467
60118.40204505704 0.924131683375531 0.3867018220742488 y 0.6850652325463839 45.036805401533314 0.01820388794822279 22.386493931907 9.796646119614255 -44.08424012287467
60118.4024617237 0.9241327346404431 0.38669692646994114 y 0.6847856336179944 45.077320232200655 0.018187284207781255 22.387470214396338 9.796646119614255 -44.08424012287467
60118.40287839036 0.9241337858523098 0.38669203090007287 y 0.6845079770625805 45.11769996808827 0.018170790709876202 22.38844236882401 9.796646119614255 -44.08424012287467
60118.403295057025 0.9241348370263376 0.38668713525005466 y 0.6842322585044551 45.15794444156835 0.018154406889838298 22.38941040145516 9.796646119614255 -44.08424012287467
60118.407045056985 0.9241442955287268 0.38664307378069623 y 0.6649197462450182 46.76582314324473 0.017382563505720233 22.427396446492388 9.796646119614255 -44.08424012287467
60118.40746172365 0.9241453462403716 0.3866381780159991 y 0.6413764672112033 48.653219781243706 0.01654633588193421 22.470353955087965 9.796646119614255 -44.08424012287467
60118.40787839031 0.9241463969187399 0.3866332822055915 y 0.6411380514988734 48.692166469613326 0.016534036878615873 22.471222734462174 9.796646119614255 -44.08424012287467
60118.408711723634 0.9241484981353035 0.3866234904816368 y 0.6406665193958011 48.76960842949728 0.016509696783109224 22.47294816081309 9.796646119614255 -44.08424012287467
60118.40829505697 0.9241474475518451 0.38662838636083385 y 0.6409014034508206 48.730962737877555 0.01652182398702904 22.472087467829564 9.796646119614255 -44.08424012287467
60645.07649350744 -0.7723680215044361 -0.5949566592366846 y 0.56388445127385 56.78596274655089 0.014092723103162416 22.63817747213723 9.691320869235067 -43.951163865773836
60645.076913192046 -0.7723714749802087 -0.5949529586827716 y 0.564562573775247 56.6761887349302 0.014114723090178758 22.636076583790064 9.691320869235067 -43.951163865773836
60645.07732985871 -0.7723749035921345 -0.5949492845898907 y 0.5647261470978918 56.63932900534488 0.014121337719422629 22.635370238443585 9.691320869235067 -43.951163865773836
60645.07774652537 -0.7723783321462735 -0.5949456105772493 y 0.5648900209642284 56.60245511661351 0.014127969602163974 22.634663161674506 9.691320869235067 -43.951163865773836
60645.07816319203 -0.7723817606677621 -0.5949419365188078 y 0.565055368775685 56.56540189165771 0.014134654062561937 22.63395218189034 9.691320869235067 -43.951163865773836
60645.078579858695 -0.7723851891471183 -0.5949382623115165 y 0.5652221930288186 56.52816948744801 0.014141391339037203 22.633237294736134 9.691320869235067 -43.951163865773836
60645.07899652536 -0.7723886175897093 -0.5949345882416249 y 0.5653904962448321 56.490758061005025 0.014148181672294122 22.63251849581412 9.691320869235067 -43.951163865773836
60645.07941319202 -0.7723920459866792 -0.5949309139999835 y 0.6471613626168754 48.71301553213559 0.016628172100709587 22.471687526619966 9.691320869235067 -43.951163865773836
60645.07982985868 -0.7723954743336449 -0.5949272397811527 y 0.6473598448181465 48.68042494530344 0.0166385375261624 22.47096089079716 9.691320869235067 -43.951163865773836
60645.080246525344 -0.7723989026354366 -0.5949235655625007 y 0.5753206964858558 55.36302136601793 0.014421831578606038 22.61062444706205 9.691320869235067 -43.951163865773836
60645.080663192006 -0.7724023309121816 -0.5949198912519804 y 0.5754981339905878 55.32558144251901 0.014429211479221719 22.609889956229843 9.691320869235067 -43.951163865773836
60645.08107985867 -0.7724057591555604 -0.5949162168844786 y 0.5853486956909606 54.28538905244988 0.01470608229040021 22.589282375850242 9.691320869235067 -43.951163865773836
60645.08149652533 -0.7724091873373957 -0.5949125425283371 y 0.5855325076729043 54.248284495667534 0.014713976154914427 22.588540011551448 9.691320869235067 -43.951163865773836
60645.08191319199 -0.7724126154733415 -0.5949088681492063 y 0.648378160471405 48.51516367194453 0.016691565182391583 22.467268741324236 9.691320869235067 -43.951163865773836
60645.082329858655 -0.7724160435683177 -0.5949051937588044 y 0.6485870262021998 48.481650699629306 0.016702413292544512 22.46651848475024 9.691320869235067 -43.951163865773836
60645.08274652532 -0.7724194716462084 -0.5949015192651737 y 0.6655410519232682 47.12584820465278 0.01730458779070985 22.435722939225617 9.691320869235067 -43.951163865773836
60645.08316319198 -0.772422899653789 -0.5948978448287928 y 0.6657593616206556 47.092951780510845 0.01731642436639775 22.434964771213394 9.691320869235067 -43.951163865773836
60645.08357985864 -0.7724263276409742 -0.5948941702666409 y 0.6659794683789787 47.05990654744862 0.01732834928060164 22.434202640184328 9.691320869235067 -43.951163865773836
60645.0839965253 -0.7724297555742192 -0.5948904957387496 y 0.6662013755642977 47.026712637716955 0.017340362928781456 22.43343654121339 9.691320869235067 -43.951163865773836
60645.084413191966 -0.7724331834701623 -0.5948868211764189 y 0.581982876405816 54.48082726608557 0.014632581763920818 22.593184222947485 9.691320869235067 -43.951163865773836
63452.281459227925 0.7616548626309991 -0.22028878585521364 y 1.3051533153003287 22.926613758866225 0.05779907317176322 21.653424775522684 9.928931219733606 -44.05335901887227
63452.28104256126 0.7616586746229906 -0.22028344131728245 y 1.3868166401139743 21.515025774179183 0.06522913771926862 21.584429665877675 9.928931219733606 -44.05335901887227
63452.2806258946 0.7616624865777696 -0.22027809676772234 y 1.387351243018477 21.497449787063 0.06530578997534266 21.583542347193525 9.928931219733606 -44.05335901887227
63452.273959228005 0.7617234725995787 -0.22019258136434042 y 1.4045940138820514 21.079091036982682 0.0673806523034405 21.562204687895733 9.928931219733606 -44.05335901887227
63452.27437589467 0.7617196612539753 -0.2201979262574004 y 1.4039906567937972 21.098249971076463 0.0672925333554139 21.563191072969982 9.928931219733606 -44.05335901887227
63452.27479256133 0.7617158498638243 -0.22020327094427103 y 1.3421987763816425 22.118233211684796 0.061501346989365435 21.614451071390214 9.928931219733606 -44.05335901887227
63452.28020922794 0.7616662984640274 -0.22027275205777283 y 1.4616273945062965 20.35620033336876 0.07249557447752779 21.52431677987243 9.928931219733606 -44.05335901887227
63452.279792561276 0.7616701103535056 -0.22026740743933385 y 1.4621999668623349 20.339419287352328 0.07258213167799749 21.523421362114142 9.928931219733606 -44.05335901887227
63452.27520922799 0.7617120384443328 -0.22020861574573103 y 1.4227728331290563 20.82706644308861 0.06904168419955208 21.549145245486336 9.928931219733606 -44.05335901887227
