data_rolling17_parallax_0_-20.csv
# %ECSV 0.9
# ---
# datatype:
# - {name: MJD, datatype: float64}
# - {name: ra_pi_amp, datatype: float64}
# - {name: dec_pi_amp, datatype: float64}
# - {name: filter, datatype: string}
# - {name: seeingFWHM, datatype: float64}
# - {name: snr, datatype: float64}
# - {name: position_errors, datatype: float64}
# - {name: fiveSigmaDepth, datatype: float64}
# - {name: fieldRA, datatype: float64}
# - {name: fieldDec, datatype: float64}
# schema: astropy-2.0
MJD ra_pi_amp dec_pi_amp filter seeingFWHM snr position_errors fiveSigmaDepth fieldRA fieldDec
60575.29642658269 -0.0042675414642640895 -0.3548691734063136 z 0.6596213763165993 84.54759138600221 0.012683363514580888 23.070328088696655 359.0283267746269 -21.164935085489027
59857.21123871862 -0.21774123740345028 -0.4190458942620121 y 0.666860457479499 42.44957471719748 0.018622232654593663 22.322258348171744 358.1544351049139 -20.901611622065243
63195.12625109705 -0.8170389704836969 -0.4778422325825149 y 0.672781865511992 35.51479052887731 0.02142111387822756 22.12859813287745 358.2631433099932 -20.954600058535874
60546.33771177703 0.42111134431617575 -0.13761964305998947 z 0.8650754356966313 63.54379225442336 0.01689191573939977 22.760257813389995 358.1971180992317 -20.88023726940229
59865.190952771256 -0.3255709424110378 -0.4579057835970629 z 0.6049699108773777 94.16139139555499 0.011886054902453029 23.187257157475752 358.87456323809147 -21.18431493045681
63195.11003195097 -0.8169283356573254 -0.47788572521504574 z 0.634857665743433 71.21850390482767 0.0133963943566743 22.884057104561762 358.2631433099932 -20.954600058535874
61546.41656362713 0.8190410473727605 0.5009832735122356 z 1.020798519919817 45.337880221948964 0.02463617791379986 22.393728016095857 358.65238748196583 -21.13676820955291
63134.12890407899 -0.03700389133328612 -0.3783564392504463 z 0.6250183884018727 101.05560925457821 0.011758100740166547 23.263976051000054 359.3176395026223 -21.630407275646178
60864.27735865349 0.8977027992597176 0.2561022511120716 y 0.882474376267864 28.659280309767247 0.032375030085521186 21.895738189709185 359.12906526419636 -21.400937510097304
61192.39401568012 0.8862020466637799 0.4739346933166066 z 0.7930200097298864 59.14006325932051 0.0167274093775938 22.68227945099634 359.47748897062445 -21.021932699731835
61368.09391534595 -0.7979872218599124 -0.48337587663902387 y 0.5952012529189535 44.31874138558446 0.01674411051799479 22.369043534917505 359.2808666994139 -20.90226405593544
62040.161008264906 -0.05896680911471902 -0.3779407596319502 z 1.3249390973727428 47.451166813350156 0.029658844363633377 22.44319222940169 359.5100399906719 -20.937563564252628
60276.10497452012 -0.8224434436556395 -0.4756277808873934 z 0.6208370625103606 78.82888844738261 0.012729003372072483 22.99428849589535 359.7399582613089 -21.33773819327616
61220.357568700885 0.9286270985586584 0.322487500988499 z 0.6454409903671572 76.79594394563455 0.013062836411786046 22.965920696512605 359.09037686283955 -21.235040514220383
61701.044492704445 -0.44204950033276563 -0.49522905562367564 z 0.7640003426748223 87.10485580182309 0.01330154790105592 23.102680904496427 359.907032682859 -21.49858928284355
60545.354725065656 0.46181936829465864 -0.126866469700423 y 0.8893244576856606 28.81445761971165 0.03244342561331183 21.901601112116392 359.9541748175217 -21.021569950001556
62751.157270223586 0.2404621056603218 -0.254378346383474 z 0.8711361192309938 65.89073980799266 0.016576872242294653 22.79963594852527 359.3925832563709 -21.436237754164736
60163.3835584623 0.6634989366758662 0.009857559190264637 z 0.8361585093519429 69.7993783477391 0.01560472176000091 22.86220387589877 359.6668861267505 -21.500634912767808
62705.442294489425 0.7979096507853051 0.1319053812487994 z 0.7963727406653508 57.48918289368444 0.017084894036169702 22.65154032907869 359.22221782812136 -21.431023161186175
60545.33945237133 0.4620281727872078 -0.12673746121223542 y 0.8703485429114763 30.124517344452762 0.030573360579644503 21.949875232572033 359.9541748175217 -21.021569950001556
60101.43101464447 0.9040000130057179 0.4574360323158251 y 0.8743767871295217 28.44935280090688 0.03232042422129671 21.8877559666738 359.55479781932286 -21.512922499792527
60894.28860404741 0.6624050839287916 0.008778086606769993 z 0.8169033724723951 61.3972703163678 0.0166441739167769 22.722947646944004 359.6673066546558 -21.29773145798206
61727.09435927255 -0.7488072436099381 -0.49823094738752854 z 0.8312701066047722 80.1636600638944 0.014405898172938079 23.01251883348637 359.30661457171243 -21.04439415957069
62695.32628537205 0.8718395359310611 0.22170648111366092 y 0.9415882522405971 29.45994063836117 0.03348950494851163 21.92565465767545 359.8305798914083 -21.032602048132247
62051.12216149622 -0.22217607569775596 -0.4406037847017737 z 0.8361693066512883 68.34574357736089 0.015801284567828613 22.839353671261357 359.91750131925335 -21.280932367653467
63146.09730493261 -0.21747781109486405 -0.440017106441344 z 0.7987824461089126 83.65623743211336 0.013826487857367372 23.058820808214655 359.6500761790934 -21.51767713361224
60164.39732884625 0.6458110392833859 0.0069010726545196115 z 1.102714355355744 54.8614656378203 0.022450149021002185 22.600743503433826 359.1557772688295 -20.908481310923502
60864.26237540722 0.8977710639287741 0.25621660312428163 y 1.17083459208849 20.308676651881118 0.05851278575220068 21.521779051548112 359.12906526419636 -21.400937510097304
60163.397832566174 0.6633413422870871 0.009732162266614584 y 0.7509826585254545 38.07052538160527 0.02211602760327699 22.20404716469716 359.6668861267505 -21.500634912767808
62695.34187429421 0.8717529223362968 0.22158368496957934 y 1.1133059725108279 25.100523078672467 0.045467219267782785 21.751781919138843 359.8305798914083 -21.032602048132247
62350.32597115505 0.7136181378310886 0.050632447126859596 z 1.2621708159784182 49.92757393751785 0.02718602892969401 22.498426147881393 359.9043301074852 -21.217660499947318
60864.357376684915 0.8973372804840077 0.2554912871531958 y 0.6672064039272348 44.51802129620921 0.018017218059066774 22.373914621396423 359.12906526419636 -21.400937510097304
62761.18998778604 0.09094810996290975 -0.32937232151506984 z 0.6122802419687057 102.30395607327522 0.011654148598643176 23.27730605945144 359.71700569644565 -21.606148986579043
60567.112990095964 0.1311199443530815 -0.30550540273339816 z 0.7929353309602626 65.66591056164373 0.01567841772143225 22.795924916211618 359.43763609888225 -21.464348921082305
61192.4130178339 0.88630003974256 0.4738663121915107 y 0.7644381247609311 34.19234689490488 0.024491533648424314 22.087397266489738 359.47748897062445 -21.021932699731835
60864.37276235294 0.8972668161836073 0.2553737609762573 y 0.8518165853799056 34.920757560781524 0.026363058050986706 22.110284130645447 359.12906526419636 -21.400937510097304
60275.04254010708 -0.8270255075747348 -0.46534017253903953 z 0.6773630326277528 72.54883298505051 0.013681119318012575 22.904151066165696 358.0910722442536 -20.141913630391052
60212.15889778722 -0.051149455118944996 -0.35523619673898277 y 0.5416372525773172 55.55592135403457 0.013966063304647886 22.614400875269894 358.365460187174 -20.39110720549568
60275.04191363039 -0.8237413239488832 -0.46783686879675956 z 0.6759407721586319 72.74822376097993 0.013650353056407728 22.907130974018823 358.5654250170424 -20.17694393513744
60565.15393048883 0.14360537364780512 -0.28195460889050955 y 0.5744189524189015 53.66771074931585 0.014647852111082701 22.576857665185255 358.39162913101467 -20.823387825331444
63487.17157754189 0.1425876105001411 -0.2780252352000734 z 0.8567298411922512 76.80631259387552 0.014980690149841266 22.966067277911346 358.57007743015896 -20.452959003896876
63487.18841975956 0.14232580367642622 -0.2781447745842481 y 0.8301463962971055 37.5476863505005 0.02426547540760435 22.18903294263242 358.57007743015896 -20.452959003896876
63441.40470488226 0.7434615726119236 0.10108003038372575 z 0.7329859779426968 78.55389119661913 0.013677261075614585 22.99049424628432 358.49999018845097 -19.947013238725745
63489.17870441418 0.10837640312892624 -0.2934586634459324 z 1.3753474530920013 44.174617387377815 0.03270087125159779 22.365506980686746 358.4009563385472 -20.527999080101733
60811.42864187401 0.7816249990328161 0.5088269608701316 z 1.0119463807830802 42.28535538090641 0.025936660384199547 22.318049951423063 358.8255573480175 -20.694560727402667
60565.13688224567 0.14387039516118655 -0.2818337019378537 z 0.5518072898870304 115.14396335472944 0.011089020630693525 23.405677924579436 358.39162913101467 -20.823387825331444
63379.435295486175 0.8626827214336082 0.4786587576759859 z 1.0423416207994636 40.578265583636515 0.027565045505949046 22.273308689819387 358.3876593116444 -20.486411272939698
62260.40672604069 0.6579759732488791 0.5095222686238953 z 1.2784207466060085 34.83189963758398 0.03804050109345085 22.107517890035894 358.75161529960945 -20.625624604685378
61659.180396110176 0.17305821435393462 -0.268435889870603 z 0.704847844652849 79.52073230521708 0.013362827620770148 23.003775916207367 358.5820157887819 -20.617010498158496
61995.28096383532 0.5832356847890239 -0.02945454088100717 z 0.7845006678827717 78.85656290496529 0.014105732213698916 22.99466959840792 358.5265108072084 -20.27986762858514
60212.14191405609 -0.05088292738585018 -0.35513522700881445 z 0.5667570066586066 100.94534717588607 0.011468327624137114 23.262790754208858 358.365460187174 -20.39110720549568
61251.288331777905 0.7369211841653404 0.09118073683031898 z 1.0097683398217034 36.7242858233852 0.029257923507708228 22.164958386225916 358.68543713860817 -19.99608534166477
62697.31972723931 0.8529930806743925 0.20362544965583443 y 1.3163858514883664 18.650508302405836 0.07128664660823088 21.429301670664046 358.7859549286497 -20.669765672868238
61600.2847152273 0.8616011295231437 0.21370010512133428 z 1.081576662250346 51.375856985472524 0.023306579276229106 22.52947268736577 358.2334743457124 -20.541821455760427
61666.17873140706 0.06677642820538128 -0.3063777294945035 z 0.5908920173633128 76.32126132508478 0.012646784704205308 22.95918883699274 358.74518293743535 -19.975763509390365
63021.41747867804 0.8999548051703051 0.45154087749972244 z 1.2033875343635791 43.95656693009276 0.029145941924695242 22.36013440432007 358.1143712490433 -20.23551912596292
62697.33544045919 0.8528937437266567 0.20350178715275027 y 1.5027531381990988 16.52994267738846 0.09145930589732511 21.298253357974076 358.7859549286497 -20.669765672868238
61539.40997568584 0.7459525136860733 0.512994018684861 z 1.0567658842820038 52.22211597910711 0.022571996669155596 22.547211151530668 359.9831364509998 -20.433424473298256
60631.158971634715 -0.7474423554916082 -0.4905870933783531 z 0.8969427296212032 51.45989807727944 0.02009484184240443 22.531247293412477 359.14464215385476 -20.380911975535692
62787.177813527844 -0.3162739644350293 -0.4505235501367023 y 0.8025844854277282 32.388195043802114 0.02672182758893463 22.028541854063533 359.4341299506392 -20.415544494176462
61639.251483358545 0.48063606691521454 -0.10549692377172405 y 0.8194858199538408 34.8908957983122 0.025527312424296008 22.109355288623572 359.54822464974234 -20.417223823658592
63224.03622674628 -0.9038259369790808 -0.35079667177302404 z 0.5943548083436738 66.93630154212809 0.013373253412815377 22.816729270260844 359.438880009535 -20.619855661051563
61195.40434695212 0.8981324326792449 0.46372039951171823 y 0.8905394239834553 29.464341138152975 0.03183565617629525 21.92581682450406 359.9666263670598 -20.34798539459935
62075.15419815516 -0.5653468715042028 -0.49479353069226395 y 0.8971622904508181 25.78563035734847 0.03620166500827428 21.78101937082548 359.4945961106826 -20.18809540946512
61249.2660016815 0.7653491715275841 0.10611462635744126 y 1.366480660588432 17.971377026668115 0.07669126264673105 21.389028377838216 359.57905639022897 -20.502430595381632
61959.36077836018 0.9009078964509307 0.26633330904690394 z 0.8643419442878139 52.37555383284417 0.019296154019425023 22.550396560015948 359.73462424581874 -20.71345381155481
61257.37870015223 0.6855552746349048 0.03430672686987282 z 0.8685744379922159 69.53770606688607 0.01600054746708902 22.858125888989612 359.63543479392763 -20.714441592303096
61195.39061639669 0.8980700253385546 0.4637724658992091 y 0.9218959627446052 27.596138229725355 0.034871302387093336 21.854695768338935 359.9666263670598 -20.34798539459935
61639.26719678232 0.48042402215943086 -0.10562916651091381 y 0.6866851117184547 42.42036696096649 0.01902733018464109 22.321511041904657 359.54822464974234 -20.417223823658592
61257.39560773828 0.6853739965130158 0.03416056109516727 y 0.9054220649051862 31.862170068499903 0.030125015758181342 22.01076336765638 359.63543479392763 -20.714441592303096
61222.367900096055 0.9260534606803367 0.316827864597143 y 0.9190276197648132 27.929875185525233 0.03439080436199701 21.867747476429045 359.9079076049506 -20.55723534163628
62787.193413078545 -0.31650439891196525 -0.4505834341561584 y 0.914662585834148 27.757140337977223 0.034436265463083066 21.861011792085186 359.4341299506392 -20.415544494176462
61222.382967648664 0.9260157536555385 0.31672454051880067 y 0.8110906714020616 32.31164453081892 0.027020663615663007 22.025972645151484 359.9079076049506 -20.55723534163628
60628.17723416468 -0.7139889327100666 -0.496893287304108 y 1.123422446634782 18.57218537100555 0.061310530671590195 21.424732513550723 359.7465682464454 -20.403435815201863
63163.00713045155 -0.4643853840703753 -0.4861177596096486 z 1.819297373939842 29.21235756347061 0.06307608616101718 21.916491508732587 359.5776171775996 -20.64589711234075
60628.162241537044 -0.7138449635352289 -0.4969071334883183 y 1.1078374919314016 19.696965773678368 0.05712613447277966 21.48857331481272 359.7465682464454 -20.403435815201863
61249.28108599525 0.7652122020753866 0.10598726663382439 y 1.6367646066848494 15.257232971781757 0.1077430164004536 21.211264433618386 359.57905639022897 -20.502430595381632
63441.41359745306 0.7433774798355851 0.10100639079918083 z 0.6813399331742683 84.15842965009226 0.012866387386488548 23.065319047134018 358.49999018845097 -19.947013238725745
63226.07102485209 -0.9020416186056975 -0.341010817550968 z 0.6807893343633296 68.0411486571754 0.01414606289161583 22.834504080849246 359.5925410977491 -19.92780004907691
59862.17982505567 -0.2847767495039643 -0.4176236342983517 y 0.9712299820105119 22.457279524112867 0.04438896366426049 21.630967850805053 358.63230267731115 -19.270828112586738
63079.28721086695 0.7112343395283834 0.07990324848757877 y 0.8351851400092783 33.221265300126284 0.02705593150646537 22.056115412729397 358.4451372559321 -19.466458875120576
61749.0536134658 -0.8853845060873524 -0.42128859408317576 y 1.0366759414218922 25.056635527228064 0.0425646655641411 21.749881878664997 358.3516144448169 -19.71868708725758
61749.068397870025 -0.8854273120796735 -0.4212234289140445 y 1.0567559110559026 23.977097929512524 0.0451937841742366 21.702066531827118 358.3516144448169 -19.71868708725758
63470.37976902162 0.3964622154044424 -0.13500118496171884 z 0.695770648173814 78.67196784348403 0.013349733470766812 22.992125022739568 358.7023453245325 -19.592889810788414
60238.067993428194 -0.4430091538914066 -0.45353820252219285 z 0.6883954841972456 97.14847431210386 0.012256084184390443 23.22116495046916 358.11446832599637 -19.237891381361973
62011.21726254848 0.36630298625625224 -0.14327875804684537 z 0.867727017956483 73.14050255142676 0.015516141081738708 22.912969839329143 358.3577493385322 -19.094047667380615
61749.08990695288 -0.8854894811334059 -0.4211285726228199 y 1.2486041332091713 19.102751898865996 0.06612306641028982 21.455314827227433 358.3516144448169 -19.71868708725758
61749.104719995776 -0.885532222343434 -0.42106321130960694 y 1.358540252067855 16.725695886463548 0.08183799805387193 21.31103547915557 358.3516144448169 -19.71868708725758
62637.42289521202 0.7714746703919466 0.4945719468228929 z 0.6838556173596734 69.93224342372967 0.01398662015672364 22.864268640695713 359.0396214391171 -19.10409318279338
59862.19483639838 -0.2850009876064985 -0.4176883570557061 y 0.7665783628141266 28.540886309456305 0.028660136590349317 21.891243628111553 358.63230267731115 -19.270828112586738
60182.21304127072 0.4136445508883859 -0.11987160417832485 z 0.6766417708675422 92.26048247170567 0.012401132825030456 23.165114292660093 358.87635743443013 -19.264617604279344
