data_base20_ddf_parallax_9.45_-44.csv
# %ECSV 0.9
# ---
# datatype:
# - {name: MJD, datatype: float64}
# - {name: ra_pi_amp, datatype: float64}
# - {name: dec_pi_amp, datatype: float64}
# - {name: filter, datatype: string}
# - {name: seeingFWHM, datatype: float64}
# - {name: snr, datatype: float64}
# - {name: position_errors, datatype: float64}
# - {name: fiveSigmaDepth, datatype: float64}
# - {name: fieldRA, datatype: float64}
# - {name: fieldDec, datatype: float64}
# schema: astropy-2.0
MJD ra_pi_amp dec_pi_amp filter seeingFWHM snr position_errors fiveSigmaDepth fieldRA fieldDec
[from data line 1942]
62109.0838587555 -0.7996285965455807 -0.5719029527209839 y 0.7431167718160403 40.02355250280659 0.02108869364328695 22.25836407446645 9.493304365294849 -44.52542009478409
62109.083442088835 -0.7996254938628249 -0.5719069116511427 y 0.7428285123252233 40.064841098672886 0.021065516729581426 22.259483550718407 9.493304365294849 -44.52542009478409
62109.08302542217 -0.7996223911471503 -0.5719108706041122 y 0.7861155719553515 37.72553934251502 0.02311302797221245 22.194163632598688 9.493304365294849 -44.52542009478409
62109.08260875551 -0.7996192883667115 -0.5719148295916104 y 0.7858135356231575 37.764174470625115 0.02308660109000297 22.195274977678917 9.493304365294849 -44.52542009478409
61678.171009619364 0.06392149605668138 -0.7303120590369984 y 0.8239776643275764 38.82464762579244 0.023460991005622257 22.225343796016666 9.532852134190646 -44.45053646610978
61678.171426286026 0.06391490816573878 -0.7303141694098917 y 0.8238425233714016 38.838895710907806 0.023450800858671468 22.225742172432863 9.532852134190646 -44.45053646610978
61678.17184295269 0.06390832025511647 -0.7303162795651458 y 0.8493203821551898 37.60500968625549 0.02470011587634212 22.190689251357426 9.532852134190646 -44.45053646610978
61678.17225961935 0.06390173236095355 -0.730318389743121 y 0.8491850549794595 37.6185540495777 0.024689391502321065 22.19108023538046 9.532852134190646 -44.45053646610978
61678.17267628601 0.06389514444210156 -0.730320499944175 y 0.9408649666525392 33.74487415226654 0.02962077034809847 22.073094521229297 9.532852134190646 -44.45053646610978
61678.165586625364 0.06400723847932983 -0.7302845898509323 y 0.9309945872503869 34.00389019572391 0.029148121493971217 22.08139650190457 9.532852134190646 -44.45053646610978
61678.173092952675 0.0638885565441816 -0.7303226100878002 y 0.9407188362582006 33.75679862269253 0.029607425101688605 22.073478121482935 9.532852134190646 -44.45053646610978
61678.16600961942 0.06400055058840844 -0.730286732709077 y 0.9301892183816287 34.04856307734858 0.029092168652451317 22.082821960343907 9.532852134190646 -44.45053646610978
61678.16642628608 0.06399396272054472 -0.7302888434139309 y 0.8707299627435015 36.5286633879667 0.02584951889858048 22.15915944248946 9.532852134190646 -44.45053646610978
61678.17350961934 0.06388196863391711 -0.7303247202545937 y 0.9140348897592482 34.80827574136521 0.02809878440507277 22.106781265802354 9.532852134190646 -44.45053646610978
61678.16684295274 0.06398737486091069 -0.7302909541071558 y 0.8705625656474595 36.543442931786025 0.025836405436008136 22.15959864389863 9.532852134190646 -44.45053646610978
61678.167259619404 0.06398078699322589 -0.7302930647891992 y 0.8769151537389233 36.269252916947806 0.026164324818199386 22.151421514078184 9.532852134190646 -44.45053646610978
61678.1705929527 0.06392808395567479 -0.7303099487443443 y 0.8821888703747337 36.09538782544091 0.0264071471960627 22.14620427024495 9.532852134190646 -44.45053646610978
61678.17017628604 0.06393467184625957 -0.7303078383946192 y 0.8823386578067108 36.08190023306711 0.02641944540289957 22.14579849252956 9.532852134190646 -44.45053646610978
61678.167676286066 0.06397419912554107 -0.7302951754482532 y 0.8767509108516498 36.28367870451724 0.02615125946938734 22.151853270582095 9.532852134190646 -44.45053646610978
61678.16809295273 0.0639676112585719 -0.7302972860156177 y 0.8700737277405411 36.58706489625122 0.025797901460955938 22.160893915958578 9.532852134190646 -44.45053646610978
61678.16975961938 0.06394125972521549 -0.7303057279418441 y 1.0093509537789618 31.28882125852344 0.03377355652815454 21.99104799493519 9.532852134190646 -44.45053646610978
61678.16850961939 0.06396102337496444 -0.7302993965487217 y 0.8699152250451456 36.601366457616976 0.02578534444786496 22.161318237750145 9.532852134190646 -44.45053646610978
61678.16892628605 0.06395443549582962 -0.7303015070130362 y 0.8503279399943863 37.50675697036708 0.024778802502251354 22.18784877518575 9.532852134190646 -44.45053646610978
61678.169342952715 0.063947847616337 -0.7303036175118796 y 0.8501775315158268 37.52116144189447 0.024767172015076302 22.188265672169454 9.532852134190646 -44.45053646610978
63806.322236495944 0.8487451349812758 -0.07966030021614008 y 0.72167871301803 44.20324410900292 0.019145508639074268 22.366210348445428 9.572526049205962 -44.46858026414421
63806.32181982928 0.848747915198486 -0.07965474493198203 y 0.721894023743513 44.17504422663199 0.019158554216450418 22.365517471611632 9.572526049205962 -44.46858026414421
63806.32140316262 0.848750695362382 -0.07964918953350295 y 0.7221112492577659 44.1467046058697 0.019171700973271918 22.36482071563129 9.572526049205962 -44.46858026414421
63806.32390316259 0.8487340137474666 -0.07968252163884326 y 0.6747042339379555 47.5976428803434 0.01734748336744966 22.44653860471082 9.572526049205962 -44.46858026414421
63806.32098649596 0.848753475481015 -0.079643634214816 y 0.7223303928111723 44.11822536268578 0.01918494931765331 22.364120076170227 9.572526049205962 -44.46858026414421
63806.324319829255 0.8487312333499191 -0.07968807694599075 y 0.6745126432750859 47.62717959812748 0.017337014508208078 22.447212149361505 9.572526049205962 -44.46858026414421
63806.32473649592 0.8487284528750839 -0.07969363214990936 y 0.6743228177875845 47.656565479021566 0.017326628591446815 22.44788183999512 9.572526049205962 -44.46858026414421
63806.32515316258 0.8487256723786012 -0.07969918752548848 y 0.6741347546529421 47.68580039888181 0.017316325286900806 22.448547680655523 9.572526049205962 -44.46858026414421
63806.32556982924 0.8487228918495575 -0.0797047428897965 y 0.6739484510773105 47.71488423362386 0.017306104267450082 22.449209675345656 9.572526049205962 -44.46858026414421
63806.320569829295 0.8487562555593938 -0.0796380787819869 y 0.7225514576858907 44.089606613100116 0.019198299661529958 22.36341554885209 9.572526049205962 -44.46858026414421
63806.32015316263 0.8487590355959087 -0.07963252342921834 y 0.7227744471959601 44.06084847318731 0.01921175242068145 22.362707129258293 9.572526049205962 -44.46858026414421
63806.31765158282 0.8487757254752173 -0.07959917006033933 y 0.8769033775082747 35.73892503410868 0.02649591102430957 22.135428702982463 9.572526049205962 -44.46858026414421
63806.31806982932 0.8487729351614357 -0.07960474660776769 y 0.8756563236116011 35.81828993013541 0.026413345193942703 22.137837107959633 9.572526049205962 -44.46858026414421
63806.318486495984 0.8487701553252958 -0.07961030194908626 y 0.8753700326208349 35.84432682106674 0.02638951821219714 22.138626060349846 9.572526049205962 -44.46858026414421
63806.318903162646 0.8487673754605307 -0.07961585738209427 y 0.8750872077235197 35.870192692218524 0.026365926450204923 22.13940926336607 9.572526049205962 -44.46858026414421
63806.31931982931 0.8487645955469245 -0.07962141270051284 y 0.8748067587389807 35.89594781127182 0.026342503023797186 22.140188551933583 9.572526049205962 -44.46858026414421
63806.31973649597 0.8487618155959268 -0.07962696804201033 y 0.7229993646874668 44.03195105906944 0.019225308014760224 22.361994812927705 9.572526049205962 -44.46858026414421
60563.27335872163 0.36012048769167326 -0.592470946063642 y 0.7116434179870094 45.45637108498991 0.018576746409122664 22.39656189359628 9.6989746620511 -44.608206234109375
60563.27836783027 0.36004730801280077 -0.5925152276180415 y 0.7917202495392298 40.460783121695904 0.021974776564635635 22.270160699961437 9.6989746620511 -44.608206234109375
60563.27795116361 0.36005339533376496 -0.5925115443502245 y 0.7915974114236446 40.47384801701284 0.02196644996592034 22.27051123050147 9.6989746620511 -44.608206234109375
60563.275034496975 0.3600960060402174 -0.5924857607190003 y 0.6718110903965084 48.34796991033454 0.01711958672534167 22.463520597035362 9.6989746620511 -44.608206234109375
60563.27545116364 0.36008991884082003 -0.5924894442273566 y 0.700660267730206 46.19068737616837 0.018168501410223786 22.413961052031986 9.6989746620511 -44.608206234109375
60563.27753449695 0.36005948263809084 -0.5925078611623785 y 0.7914765587561522 40.48677983114845 0.02195823043170249 22.27085807906954 9.6989746620511 -44.608206234109375
60563.28003449692 0.360022958578484 -0.5925299603920571 y 0.792231492109856 40.40719379582802 0.022009158286119712 22.268721715532294 9.6989746620511 -44.608206234109375
60563.27961783026 0.36002904596850593 -0.5925262771928506 y 0.7921006943147821 40.42079048198733 0.022000401080239766 22.269086995322432 9.6989746620511 -44.608206234109375
60563.2758678303 0.3600838316416015 -0.5924931276900026 y 0.7007576681583222 46.17671536858271 0.018174094810826023 22.413632583023357 9.6989746620511 -44.608206234109375
60563.236187289345 0.36066345674798056 -0.5921422060492301 z 0.7827428487624201 89.41500009001813 0.01329034563437841 23.13110094246591 9.6989746620511 -44.608206234109375
60563.27628449696 0.3600777444225244 -0.5924968110494196 y 0.700856804214375 46.1625914640003 0.0181797654648454 22.413300442027214 9.6989746620511 -44.608206234109375
60563.276701163624 0.36007165717026024 -0.592500494409105 y 0.7009576773150006 46.148315722472304 0.018185513538030294 22.412964627116004 9.6989746620511 -44.608206234109375
60563.23744545756 0.360645080803053 -0.5921533371044531 z 0.8676112777128405 80.132810475175 0.014738640829327942 23.012100926396148 9.6989746620511 -44.608206234109375
60563.2792011636 0.36003513332972403 -0.592522594119594 y 0.7919718891814255 40.434254300739745 0.021991751885212924 22.269448584525634 9.6989746620511 -44.608206234109375
60563.27711783029 0.36006556990234173 -0.592504177734172 y 0.7010602889022954 46.13388820417767 0.01819133919864188 22.412625136327566 9.6989746620511 -44.608206234109375
60563.278784496935 0.360041220679671 -0.5925189108401481 y 0.7918450748622641 40.447585198475586 0.021983210459429463 22.269806485348226 9.6989746620511 -44.608206234109375
60563.280451163584 0.3600168711643097 -0.5925336434309636 y 0.7923642844437019 40.393464295980465 0.022018023747832904 22.268352742913674 9.6989746620511 -44.608206234109375
60563.280867830246 0.3600107837418163 -0.5925373265271202 y 0.792499073222968 40.3796020362737 0.022026997713742818 22.267980075189776 9.6989746620511 -44.608206234109375
60563.28128449691 0.3600046963030424 -0.5925410095202268 y 0.671874467006914 48.22946856811803 0.017148377010674818 22.460856180497657 9.6989746620511 -44.608206234109375
60563.237862124224 0.3606389952124696 -0.5921570232463088 z 0.8675379434996078 80.14638167511087 0.014736621965224076 23.01228478985278 9.6989746620511 -44.608206234109375
60563.23827879089 0.36063290961374594 -0.5921607094455934 z 0.8808899950153632 78.86159627046007 0.014992351039288136 22.994738898064725 9.6989746620511 -44.608206234109375
60563.23869545755 0.36062682399480595 -0.5921643955531886 z 0.8808198333381472 78.87449101034245 0.014990327836170922 22.994916413384317 9.6989746620511 -44.608206234109375
60563.23911212421 0.36062073835556 -0.5921680816948653 z 0.7756720356884282 90.34186086551868 0.013180242457159949 23.14229756899456 9.6989746620511 -44.608206234109375
60563.23952879087 0.3606146526958294 -0.5921717677795606 z 0.7756145909039591 90.35610471121352 0.013178946684929903 23.142468739255925 9.6989746620511 -44.608206234109375
60563.239945457535 0.3606085670403031 -0.5921754537841059 z 0.756524100453413 92.8117215803841 0.012901223540081296 23.171582060531698 9.6989746620511 -44.608206234109375
60563.2403621242 0.3606024813319099 -0.5921791398458115 z 0.7564718840987937 92.82581260902603 0.012900086430776241 23.171746888620532 9.6989746620511 -44.608206234109375
60563.24077879086 0.3605963956279 -0.5921828257930172 z 0.7627388476748751 92.0144400398224 0.012988962009425052 23.16221495799961 9.6989746620511 -44.608206234109375
60563.24119545752 0.36059030989893265 -0.5921865117746624 z 0.762689910599836 92.02787268120315 0.012987850555897495 23.162373446608918 9.6989746620511 -44.608206234109375
60563.241612124184 0.36058422414983843 -0.5921901976646183 z 0.8469926157107238 82.27536255016473 0.014351966988044328 23.040749500932986 9.6989746620511 -44.608206234109375
60563.242028790846 0.3605781384011019 -0.5921938835661135 z 0.8469420593285426 82.28689316660558 0.014350491621715606 23.04090165256337 9.6989746620511 -44.608206234109375
60563.24244545751 0.3605720526155108 -0.5921975694904192 z 0.8270929027215509 84.4005928388761 0.01400115560490095 23.068438732079194 9.6989746620511 -44.608206234109375
60563.24286212417 0.3605659668097032 -0.5922012553232144 z 0.8270476878294604 84.41192880085853 0.013999859658043588 23.068584549039205 9.6989746620511 -44.608206234109375
60563.24327879083 0.3605598809996914 -0.5922049411330202 z 0.7815772938905727 89.6774804958423 0.013264939538688578 23.13428348461131 9.6989746620511 -44.608206234109375
60563.243695457495 0.36055379517348846 -0.5922086268856656 z 0.7815385697429882 89.68499176021565 0.013264176292306255 23.134374420597815 9.6989746620511 -44.608206234109375
60563.24411212416 0.36054770930291685 -0.5922123126153214 z 0.7687410009015321 91.28911128910664 0.013073346601913302 23.153622437128497 9.6989746620511 -44.608206234109375
61320.171735877906 -0.04706487221066907 -0.760947133601391 y 0.5945241026080205 55.57536764942626 0.014643737564142422 22.614780850115142 9.69391226845201 -44.56448789833449
61320.17130811515 -0.04705810628801913 -0.7609456417075916 y 0.5946508931264385 55.55665402834148 0.014648037661106629 22.61441519391958 9.69391226845201 -44.56448789833449
61320.17215254457 -0.04707146264315318 -0.7609485866087647 y 0.5944975628627461 55.5809984637639 0.014642597067678799 22.614890849734735 9.69391226845201 -44.56448789833449
61320.17756921118 -0.04715713789850993 -0.7609674728519638 y 0.5671217924041848 58.56751949400835 0.013919936159602108 22.671717066095272 9.69391226845201 -44.56448789833449
61320.17256921123 -0.047078053051306044 -0.7609500396732094 y 0.5944731580167527 55.586352403385575 0.014641523842542683 22.614995430190138 9.69391226845201 -44.56448789833449
61320.17590254453 -0.047130776315813305 -0.7609616623917446 y 0.5527644575030085 60.23934437399276 0.013572084746795667 22.70227558039577 9.69391226845201 -44.56448789833449
61320.177152544515 -0.047150547505206274 -0.7609660203256688 y 0.5671287233886242 58.566911827938 0.013920088374087498 22.671705801003608 9.69391226845201 -44.56448789833449
61320.175485877866 -0.04712418592161513 -0.7609602096707997 y 0.5527764574274819 60.235149223631666 0.0135726515393877 22.70219996560799 9.69391226845201 -44.56448789833449
61320.17465254454 -0.0471110051165805 -0.760957304148581 y 0.552804405536893 60.22615748284356 0.013573891758155477 22.702037877734256 9.69391226845201 -44.56448789833449
61320.17798587784 -0.04716372828358389 -0.7609689253556271 y 0.5671162145889466 58.56793200367374 0.01391982246658168 22.671724713253717 9.69391226845201 -44.56448789833449
61320.17673587785 -0.0471439571197745 -0.7609645677192239 y 0.5671370076401478 58.56386626767041 0.01392053709663663 22.67164933975404 9.69391226845201 -44.56448789833449
61320.17298587789 -0.0470846434710878 -0.7609514926233333 y 0.5944501802780838 55.591521389363805 0.01464049562696589 22.615096388322023 9.69391226845201 -44.56448789833449
61320.17631921119 -0.04713736671394742 -0.7609631150897895 y 0.5527537734331477 60.243339010392596 0.013571553474799202 22.70234757615888 9.69391226845201 -44.56448789833449
61320.173402544555 -0.04709123389909926 -0.7609529455275675 y 0.5528562014529986 60.2111666584013 0.013576018971889665 22.70176759472961 9.69391226845201 -44.56448789833449
61320.17381921122 -0.04709782430635759 -0.7609543984659729 y 0.5528376193407056 60.21636399360399 0.013575274287030932 22.701861309762556 9.69391226845201 -44.56448789833449
