data_rolling17_parallax_0_-20.csv
# %ECSV 0.9
# ---
# datatype:
# - {name: MJD, datatype: float64}
# - {name: ra_pi_amp, datatype: float64}
# - {name: dec_pi_amp, datatype: float64}
# - {name: filter, datatype: string}
# - {name: seeingFWHM, datatype: float64}
# - {name: snr, datatype: float64}
# - {name: position_errors, datatype: float64}
# - {name: fiveSigmaDepth, datatype: float64}
# - {name: fieldRA, datatype: float64}
# - {name: fieldDec, datatype: float64}
# schema: astropy-2.0
MJD ra_pi_amp dec_pi_amp filter seeingFWHM snr position_errors fiveSigmaDepth fieldRA fieldDec
[from data line 92]
62338.32593261953 0.8071175856831379 0.16249551355568817 z 1.1413010969263064 54.515082229163134 0.023201198582143225 22.59386666791267 358.46054923747255 -19.661340680910502
61750.10265358403 -0.8840268439443164 -0.42321343888292917 y 0.8793414556166372 26.629191367537963 0.034502657618940454 21.81596993586675 359.68528274381725 -19.38243032152243
61694.21780331651 -0.34882068439236846 -0.44460464684822365 y 0.7665104002491555 29.521470739570926 0.027823651179682735 21.927919964023324 359.68074950157825 -19.329620930267787
61750.087780852555 -0.8839820597031203 -0.42327921551463227 y 0.8946622248648677 27.327190522446323 0.034232086321362175 21.844062450817777 359.68528274381725 -19.38243032152243
63378.41541199127 0.8493526425511597 0.4795982236128737 z 1.0333696640004613 46.1455609936162 0.024525040671102175 22.41289981439038 359.36926053738705 -18.968468180542025
63113.336348019264 0.2925452591284807 -0.1954712566216915 y 0.7102088203940808 34.25222960304271 0.023020137117545462 22.08929710557649 359.7342296490764 -19.368766448609435
61666.25735554678 0.08688362088901547 -0.30023896102152475 y 0.772296749382167 32.26778540517482 0.025939077148122113 22.024497889242692 359.9648242587567 -19.606840946491864
62310.363939575545 0.9332414220844312 0.36781478116875277 z 1.0231718294329992 56.535184462186535 0.020676952449576652 22.633372022953417 359.8696965336382 -19.35821900225561
63113.351412666736 0.2923205338266124 -0.19558833618640395 y 0.6572350697041359 35.956579316900516 0.02083521880328252 22.1420209116032 359.7342296490764 -19.368766448609435
61224.37459065275 0.9199169545917514 0.30785697987180655 z 1.009963471153057 44.205047660911205 0.02493985802488112 22.366254647041522 359.7401319671338 -19.526014982176324
61694.1857359609 -0.348354927444143 -0.4444874864656765 y 0.6408511022881456 37.63818843249457 0.019746031545787555 22.19164676962501 359.68074950157825 -19.329620930267787
62732.39950765295 0.5143708004195273 -0.06707501968723219 y 1.1052270128053543 23.15968139236531 0.048758508571024636 21.664406440433012 359.77762466089047 -19.27899719765631
60656.0305407566 -0.8872365346044764 -0.41309597594233366 z 0.5983145556733803 64.79492901424032 0.01361125407850601 22.781427535190243 359.6762366219942 -19.396808499208262
61257.29896350461 0.6836329057707526 0.050274180135541365 z 1.0007166149856848 61.11028717678033 0.019187489086327166 22.717860800693114 359.4028056093754 -19.482795316476505
60458.43373776555 0.8658070682379962 0.4808456190360239 z 0.9014720390395411 49.268436071737185 0.020851516804866813 22.483996930863334 359.4313595742245 -19.58945697899034
61275.26015032017 0.46181994846081087 -0.09342154300243007 y 0.9604946379144578 31.077202524111712 0.03248423957475232 21.983679784187583 359.36298678519006 -19.005103045963125
61961.33084131755 0.8901175339462564 0.2594599259296145 z 1.019766132509178 41.55019873591905 0.02650204486981909 22.299007752583417 359.3696243411805 -19.40170797472086
61275.24462379701 0.4620325029509537 -0.09329390990781253 y 0.826167619151009 36.20702847589708 0.024912961141966405 22.149557198090367 359.36298678519006 -19.005103045963125
62340.33752931949 0.8038371403383128 0.16047159556478044 y 0.8597243855176684 33.52485566432185 0.027525163107607862 22.065992281022847 359.87583428580496 -18.951909773763685
60656.03189317333 -0.8872399575307631 -0.4130896848964954 z 0.6371578850430404 64.098872088422 0.014099939083824661 22.769700958039518 359.6762366219942 -19.396808499208262
61311.11330506148 -0.07742683550694303 -0.35515351965125785 z 2.197232164409046 17.561051208464594 0.12551860771290255 21.363951262443237 359.58548435558026 -19.128104319004713
61694.202718972956 -0.34860160773354937 -0.44454955202816504 y 0.7462114040407695 31.210590074507397 0.02591594695628063 21.988329938192713 359.68074950157825 -19.329620930267787
62763.32508087214 0.06218357376184124 -0.31502099697914876 z 0.8308102115041905 69.16546462571914 0.01562966045305083 22.852298235910467 359.9799377246821 -19.877741673672496
61311.13041472694 -0.07769495144548574 -0.3552528643221955 y 2.2626259015031436 10.326824587787398 0.21932989015784723 20.787491989472727 359.58548435558026 -19.128104319004713
60217.26381469306 -0.11727322940584342 -0.3705234982407603 y 0.7400980691232498 27.954381121000694 0.028300824475318197 21.868699693917158 359.1587719253854 -19.493412025729416
61694.20083609208 -0.3485742600474253 -0.44454267281209003 y 0.744282109871805 31.381680100754522 0.025739081678988515 21.99426546658571 359.68074950157825 -19.329620930267787
63433.29762032888 0.8203069054093532 0.17563717288683606 y 0.8457199135197516 33.57324067271004 0.02710260278159224 22.06755814853171 359.3632849578327 -19.5056995551169
63433.312899765 0.8201929782299545 0.17551624305905442 y 0.9053576402778831 31.803441889194648 0.03017260857428617 22.008760297972884 359.3632849578327 -19.5056995551169
62048.20214729091 -0.1765530480812267 -0.4011257517451964 y 0.7632490559942035 29.67064774773341 0.027599392262852775 21.933392558204126 359.95565844340194 -19.626243530535405
61961.347448526205 0.8900375809193215 0.259339936302849 y 0.8933154717299127 28.031516795135172 0.033400382558016375 21.87169148471433 359.3696243411805 -19.40170797472086
62340.352940433535 0.8037142700551437 0.16034904077482467 y 0.8467429015250728 34.29738869405329 0.02663663373758243 22.09072762753694 359.87583428580496 -18.951909773763685
62313.373264728536 0.9305210407303106 0.3489471036735352 z 1.3238345938560243 35.09523937116353 0.039024210920561464 22.1156955114459 359.82052371578675 -19.55212372751339
61304.15572736489 0.02435392217758587 -0.32239064603001355 z 1.0184098404990416 57.07086926409525 0.020455601420630073 22.64361120784288 359.1542926800969 -19.731181710935832
60217.24858219272 -0.11703580731392313 -0.37043919783456203 y 0.763535987917031 27.797579230528868 0.029231410760926512 21.86259243105949 359.1587719253854 -19.493412025729416
60903.27090785794 0.5525180081971818 -0.03934809539256615 z 0.9407946620135391 69.41721572987841 0.016842720222445314 22.856242965343455 359.4611189664162 -19.208983760029888
62106.046631736666 -0.8452283076694008 -0.4605202888359094 z 0.663450080327087 73.64878798354007 0.013459175174065786 22.92048899961195 359.81736762689235 -19.53970469326513
60656.0379358987 -0.8872552447722181 -0.4130615730434853 z 0.6362284778330212 74.36936301964225 0.013160079698079887 22.93106014348915 359.6762366219942 -19.396808499208262
60275.075609184765 -0.8205763572918435 -0.4640163830390569 y 0.6735600143280114 39.44901094671345 0.019787067898250483 22.242665287125625 359.03734908259867 -18.85413362476042
61634.24210406653 0.5388665089586844 -0.03678289700707803 y 0.6190292012671724 35.71420667601402 0.020010694563664236 22.134677507989778 359.0170305592422 -18.55882625459684
60275.09104853501 -0.8206771425831368 -0.4639800472544319 y 0.60580096954693 43.23404125815272 0.01721452186851358 22.342139570828063 359.03734908259867 -18.85413362476042
61750.03213839131 -0.8862337165913255 -0.41933050382933246 z 0.8691623297182344 49.18270874349836 0.020305258851727345 22.482106098863255 358.9386940434672 -18.852173445732298
63170.209023052616 -0.5698928409446733 -0.47519008295437853 y 1.0329876301462582 21.135548171885485 0.049886960222168555 21.565108779607762 358.7009232292833 -18.803272766376573
63170.13566054413 -0.5689914524048267 -0.4750736079313409 y 0.7390819515177411 34.89477344568933 0.02342232542745728 22.10947594669554 358.7009232292833 -18.803272766376573
61634.22689245363 0.5390619960879903 -0.036657242120813324 y 0.6933294543225246 31.06601989650175 0.024455884412206884 21.983289029304956 359.0170305592422 -18.55882625459684
60276.10587235831 -0.8276572950295078 -0.46025682858666994 z 0.634459370718774 76.14230897799362 0.013016579429637323 22.956640095270355 358.9640717089554 -18.643994018957674
63170.12057500819 -0.5688059860304528 -0.4750495617788158 y 0.6865252383500574 38.324476616200876 0.020515682454156716 22.21126557056255 358.7009232292833 -18.803272766376573
61188.41958610138 0.8683353577448693 0.47457807826467696 z 1.0098794898142849 61.09293411379917 0.01931962968710048 22.71755244795626 358.7804667487319 -18.81326739647271
61541.433154853454 0.7691835243817533 0.49517434174850095 z 0.7349315833637583 52.793608605390105 0.017140300300385398 22.55902836010503 359.5355902336508 -18.588148165527905
62690.43915290992 0.8956640676166682 0.27724531788617096 z 0.9087228538732 63.96373007595594 0.017373383933866813 22.76740944392525 359.76274903007 -18.44245068713496
62369.232579458265 0.4872382345238155 -0.06605182088113076 y 0.7834207114508345 35.57852602823462 0.02418382899904182 22.13054486883157 359.7319911724108 -18.08825114657469
61220.33726412848 0.9300361637813858 0.33839636529984457 z 0.9413041245252316 49.52926361629303 0.021475343659748923 22.489729666891286 359.68347749730276 -18.58439172808161
60893.269394560535 0.6758097363929604 0.05192154461154785 y 0.6849978960362991 42.266903738259394 0.019043374733591995 22.317576076047388 359.8398724574728 -18.774254029939495
60592.022715324325 -0.25330757518975405 -0.3998799047175547 y 0.7242071700888575 37.09382499470174 0.021935661366269836 22.175829035843698 359.6292773967331 -18.264441906950168
62690.431659225076 0.8956967116158414 0.2772969171570856 z 0.8710824073127539 75.39248073338382 0.015280517217110315 22.94589507336887 359.76274903007 -18.44245068713496
60629.12016903135 -0.7219864222753023 -0.48135271905054744 y 0.7328397409849688 33.32170724007171 0.024159594807397742 22.059393100194615 359.82917466737246 -18.48696595523552
63080.26500885814 0.7179659583196205 0.08569417901951956 y 1.3688999705424059 17.73853226477806 0.0778161975799883 21.37486919479911 359.912442289391 -18.831004872058376
61748.04761443568 -0.8767658841544274 -0.4316693642946121 z 0.8912795043451865 55.145823584956574 0.01900572782903164 22.60635655704387 359.8035364143632 -18.76688364852031
60182.227757601366 0.42100976536924517 -0.11272588425370769 z 0.6313808622069584 100.2495980168773 0.011818033740596269 23.255281588789455 359.36085247237605 -18.877657445153545
63080.2800448494 0.7178157938345151 0.08557010322853065 y 1.1951175096618287 20.832589160436086 0.058232738355064 21.54943311220636 359.912442289391 -18.831004872058376
60592.037624133285 -0.2535326394122448 -0.3999485667393406 y 0.6836593930568995 41.127168132822206 0.019399127080555353 22.287897005661446 359.6292773967331 -18.264441906950168
60893.28491254168 0.6756406534512526 0.05179220973950035 y 0.7065931503379987 41.46215937584536 0.019759192256555886 22.296704780864786 359.8398724574728 -18.774254029939495
60622.025586316224 -0.6533775835542922 -0.48216088294617365 z 0.6022510805412998 110.45297166339743 0.011389924212473652 23.36051850107864 359.52827132907447 -18.646501026431952
63080.29532050253 0.7176631889913639 0.08544404422938676 y 1.2626409136316432 19.974801250372888 0.06399779338071857 21.503781156084255 359.912442289391 -18.831004872058376
60629.105272256 -0.7218461460400403 -0.4813612524787976 y 0.6947691307112012 36.06063638589535 0.021707265460105145 22.14515845599973 359.82917466737246 -18.48696595523552
60893.39103581805 0.6722258836194259 0.05596254988242689 z 0.8364475994264888 69.86462736013789 0.01559931012940425 22.86321835661456 359.65490024341574 -18.34262794295263
61247.356640864244 0.781682742423925 0.14472212841246274 y 1.1448363233130783 25.744886520987986 0.0455790185210995 21.77930244384102 359.51496065010326 -18.471586837015707
63433.344443323025 0.8238343495250683 0.1868871907377633 z 0.7290470197840891 81.30293925759885 0.013431599868923129 23.02784060530631 359.82989959467494 -18.5554597045667
61748.03319086411 -0.8767138453773514 -0.4317266336526309 z 0.764102139185054 59.16710495106318 0.016333380459485874 22.682775788533927 359.8035364143632 -18.76688364852031
61723.018803779174 -0.7135701267555363 -0.48275609191288515 z 0.7356597621045793 62.98513797687308 0.01537595310378682 22.750670201838435 359.0580559329242 -18.64509933714066
60893.410588393475 0.6720116318053652 0.055801234260950884 y 0.7245747249541965 40.37306917983497 0.020544929893433355 22.267804404003556 359.65490024341574 -18.34262794295263
62632.41117649543 0.7158486676302188 0.49636979645172213 z 0.9124992565753621 58.686279190250005 0.018486864043368075 22.67391642760704 359.817495723093 -18.643538320318832
60893.23069247588 0.6762312337774893 0.05224409408685202 y 0.9340372102830132 28.621670608955753 0.03413169362396751 21.8943124375513 359.8398724574728 -18.774254029939495
60182.244599763435 0.42077358060728015 -0.11286270057776199 y 0.6734534596816742 45.943860244596124 0.017744359554331467 22.40814369467573 359.36085247237605 -18.877657445153545
60893.24567252454 0.6760681224367263 0.052119250279094496 y 0.7849762678007536 35.360229017316165 0.024347769144144247 22.12386266201442 359.8398724574728 -18.774254029939495
61634.22734634164 0.5564574284922597 -0.07630256077427827 y 0.691513551003252 31.451349515580706 0.024154047348672485 21.996673201418883 0.2397401602832901 -21.476099666102876
61191.42111297762 0.876241371364686 0.4833678318004774 z 0.9415330457479306 51.34120519365708 0.02088802068038781 22.52874013708517 0.26855097112064413 -21.519808718566665
59917.05795488256 -0.8541436990146901 -0.4594305355741455 y 0.6458871916218615 41.541479461878865 0.018486224744990686 22.298779887850277 0.9069269247843407 -21.005786297064528
62310.319236971816 0.9334567821857302 0.36352710237550495 y 1.3886377910173193 17.953435985024115 0.07799039267966011 21.387943932940644 0.0927509359976289 -21.244046200770537
61625.26157442203 0.6643519024591018 0.005762879973805221 z 0.6530046327680975 104.15364051376926 0.011802891235068176 23.296761125599307 0.3371138537094127 -21.265667000604118
63433.34491559359 0.8319067875066353 0.16577971583206405 z 0.7262520847114804 82.11511021496545 0.013349979303085497 23.03863268948509 0.8253842122902355 -21.19098514195068
63432.309167992964 0.8381123550539932 0.17447346091900684 z 0.6971632630654822 87.24141024938126 0.012800750895350882 23.10438168239446 0.6949107681334536 -21.11361836486007
60629.11924312579 -0.7136065566636082 -0.5081742339800137 y 0.7614629943060515 32.728959507163665 0.02532378313560724 22.039905486123814 0.6561416085268686 -21.468573148129927
63432.32637427028 0.837993956363321 0.17433084862783527 y 0.7213574550031724 42.35148163369266 0.019751221655772498 22.319746510129082 0.6949107681334536 -21.11361836486007
61634.27193707528 0.5558934407203819 -0.0766915172851041 y 0.7106758345541037 31.508271231244073 0.02467261087719548 21.99863642748786 0.2397401602832901 -21.476099666102876
62310.33413575644 0.9334506002694541 0.36343326696984624 y 1.612375677882271 16.124490973590806 0.10049422551975558 21.271290022877828 0.0927509359976289 -21.244046200770537
63169.17471333927 -0.5313829433626055 -0.5101630055989095 y 0.8520702399282494 26.930069920554352 0.03318277029385526 21.828168691670488 0.5713839451935895 -21.44211838392499
60629.104329845635 -0.7134631438040425 -0.5081933829630703 y 0.6708179042988763 38.261854831794125 0.0201836856061254 22.209490038234424 0.6561416085268686 -21.468573148129927
63169.157988313935 -0.5311688821187143 -0.5101408289497193 z 0.7415661789598117 54.17346244374159 0.016952329329863614 22.587041474110766 0.5713839451935895 -21.44211838392499
61668.18922230536 0.06848459567982766 -0.34576874588226447 z 0.9044073142083341 62.920793270272036 0.017510125325646882 22.749560462480943 0.6543792761064937 -21.589740639068324
60247.0537102572 -0.5329655574925796 -0.5034675226437753 z 0.7870242274011487 65.4912201066111 0.01563375345619704 22.793032692771757 0.12259589458611587 -21.255101803895062
60535.233869807875 0.5995333630415595 -0.039080104752949166 y 0.6918761016058844 43.9755470663347 0.018642253076603006 22.360603116386063 0.4468067806942337 -21.091633105404274
