data_base17_ddf_parallax_150.1_2.18.csv
# %ECSV 0.9
# ---
# datatype:
# - {name: MJD, datatype: float64}
# - {name: ra_pi_amp, datatype: float64}
# - {name: dec_pi_amp, datatype: float64}
# - {name: filter, datatype: string}
# - {name: seeingFWHM, datatype: float64}
# - {name: snr, datatype: float64}
# - {name: position_errors, datatype: float64}
# - {name: fiveSigmaDepth, datatype: float64}
# - {name: fieldRA, datatype: float64}
# - {name: fieldDec, datatype: float64}
# schema: astropy-2.0
MJD ra_pi_amp dec_pi_amp filter seeingFWHM snr position_errors fiveSigmaDepth fieldRA fieldDec
[from data line 4700]
63295.13398274756 -0.2613805183271127 -0.07980620432540936 y 0.9598002505868234 29.444764134127727 0.034096050516234065 21.92509518859616 149.61739506729606 1.879064832671843
63295.1335660809 -0.26137397358566206 -0.07980891377251473 y 0.9600514879397533 29.459550194120595 0.0340885626497885 21.925640267888916 149.61739506729606 1.879064832671843
63295.133149414236 -0.26136742884456937 -0.07981162321094316 y 0.9032457883884171 31.44989282317333 0.030411301981320544 21.99662291358267 149.61739506729606 1.879064832671843
63295.09560311829 -0.2607776204860658 -0.08005575625524139 z 0.969293366244026 62.066442695639374 0.01854431341226793 22.734717126027405 149.61739506729606 1.879064832671843
63295.12856608095 -0.26129543586850706 -0.07984142676628056 y 0.9145262444150735 31.024991544524163 0.031127133019198804 21.981854168683004 149.61739506729606 1.879064832671843
63295.128982747614 -0.26130198079297867 -0.07983871737723024 y 0.9142423830450354 31.04561393510103 0.03109993319870444 21.98257562054347 149.61739506729606 1.879064832671843
63295.129399414276 -0.26130852571727137 -0.07983600798236548 y 0.9556536455007523 29.632794916853747 0.03376468293911277 21.93200652755655 149.61739506729606 1.879064832671843
63295.12981608094 -0.2613150704583641 -0.07983329857775033 y 0.8858404782780045 32.12447372451876 0.0293324829689753 22.019665043206025 149.61739506729606 1.879064832671843
63295.1302327476 -0.26132161529087794 -0.07983058917152501 y 0.8855770371836914 32.14526451078727 0.029308013377011197 22.020367498538327 149.61739506729606 1.879064832671843
63295.132732747574 -0.2613608840124133 -0.07981433265062395 y 0.903488779338274 31.465318167917786 0.030405298491319843 21.997155308065075 149.61739506729606 1.879064832671843
63295.13064941426 -0.26132816012374954 -0.07982787976234774 y 0.8853173302370951 32.165881696988244 0.02928382682940677 22.021063639956587 149.61739506729606 1.879064832671843
63295.095186451625 -0.26077107437222574 -0.08005846530356486 z 0.9699391726705373 61.988033305703134 0.01856973012436242 22.733344633433386 149.61739506729606 1.879064832671843
63295.09476978496 -0.2607645284403333 -0.08006117434929418 z 0.9827996592909132 61.09727450724404 0.018940790689141066 22.717629582161383 149.61739506729606 1.879064832671843
63295.0943531183 -0.2607579826009354 -0.08006388338965631 z 0.9834644021290506 61.01936983503271 0.018967491356603885 22.716244284766912 149.61739506729606 1.879064832671843
63295.09393645164 -0.2607514364863798 -0.08006659242518797 z 1.0359088525567834 57.734402255539344 0.02054115653113503 22.656161673587132 149.61739506729606 1.879064832671843
63295.093519784976 -0.260744890555203 -0.0800693014584833 z 1.0366215375074863 57.66010173653101 0.020572156308607273 22.6547634999848 149.61739506729606 1.879064832671843
63295.09310311831 -0.2607383444402895 -0.08007201048337005 z 1.0155628690693226 58.887010004106706 0.019935472115630855 22.677623747956087 149.61739506729606 1.879064832671843
63295.09268645165 -0.26073179841787053 -0.08007471951085093 z 0.9526156873571319 62.96721781704321 0.01813502865606873 22.750361250626987 149.61739506729606 1.879064832671843
63295.09810311826 -0.260816895891179 -0.08003950187200107 z 1.0221247429262554 58.88302272927411 0.02003296679247922 22.67755022961623 149.61739506729606 1.879064832671843
63295.09851978492 -0.26082344173075583 -0.08003679279362136 z 1.0214762051545483 58.955100413546056 0.020005052138923764 22.67887844766726 149.61739506729606 1.879064832671843
63295.098936451584 -0.2608299876622905 -0.08003408371005338 z 1.09960922973203 54.5883205790512 0.022489275784288557 22.59532432254025 149.61739506729606 1.879064832671843
63295.09935311825 -0.2608365334104462 -0.08003137462299674 z 1.05895273568374 56.82378106169252 0.021149243353969997 22.638900310057508 149.61739506729606 1.879064832671843
63295.09976978491 -0.26084307934180195 -0.08002866553182524 z 1.0582945247347357 56.892356779616584 0.021119261926885066 22.640209801395436 149.61739506729606 1.879064832671843
63295.10018645157 -0.2608496250899577 -0.08002595643412368 z 1.0212440278900674 59.09971377449451 0.01996494351338496 22.68153843305266 149.61739506729606 1.879064832671843
63295.10060311823 -0.2608561708386502 -0.08002324733677992 z 1.0206200045521907 59.170360065544855 0.019937964819406226 22.682835519332517 149.61739506729606 1.879064832671843
63295.13231608091 -0.2613543393629205 -0.07981704207813908 y 1.0688221272594343 26.369526329595175 0.04174783118113008 21.805330810961454 149.61739506729606 1.879064832671843
63295.13189941425 -0.2613477945302278 -0.07981975150735385 y 0.9200695424238123 30.90843513946888 0.031402376594586674 21.977767533563824 149.61739506729606 1.879064832671843
63295.127316080965 -0.26127580109598675 -0.07984955492323387 y 0.873944384982215 32.51193608178736 0.028680539223358028 22.03268207028266 149.61739506729606 1.879064832671843
63295.131066080925 -0.2613347049564423 -0.07982517034690877 y 0.8850613501749448 32.18632519578214 0.029259922169172104 22.021753476361923 149.61739506729606 1.879064832671843
63295.13148274759 -0.26134124978877726 -0.0798224609279811 y 0.9203286907022762 30.889161315230375 0.03142793767480321 21.977090281027838 149.61739506729606 1.879064832671843
61861.09482454409 -0.6431416177003227 0.0990134661108675 y 0.8354814872635585 34.59607044751412 0.02613816163046855 22.100141921121853 149.58219504748223 1.8635117910584436
61861.09524165929 -0.6431466135563303 0.09901614699076747 y 0.9219287753200467 31.152187842947022 0.031238207366610777 21.986296371443498 149.58219504748223 1.8635117910584436
61861.095658325954 -0.6431516041922126 0.0990188249822268 y 0.9220022473049873 31.14578556318735 0.031246205559563717 21.986073212115112 149.58219504748223 1.8635117910584436
61861.096074992616 -0.6431565946447161 0.09902150296483027 y 0.922079326646912 31.139215797455893 0.03125446792681108 21.985844167164256 149.58219504748223 1.8635117910584436
61861.09649165928 -0.6431615850973985 0.09902418094627087 y 0.9221600924457488 31.13247497605816 0.03126300041765716 21.985609108383002 149.58219504748223 1.8635117910584436
61861.10274165921 -0.6432364384104138 0.09906435002077597 y 0.7718339849849997 37.5583197787032 0.022854190097610715 22.18934037738105 149.58219504748223 1.8635117910584436
61861.09690832594 -0.6431665755504388 0.09902685891840833 y 0.9222445468763719 31.125563138014094 0.03127180340411741 21.985368033236274 149.58219504748223 1.8635117910584436
61861.0973249926 -0.6431715660949 0.09902953688911455 y 0.9223326922137679 31.118480321883336 0.031280877271643075 21.98512093907238 149.58219504748223 1.8635117910584436
61861.097741659265 -0.6431765564565192 0.09903221485185945 y 0.9224245308332192 31.11122656576339 0.031290222419161656 21.984867823122798 149.58219504748223 1.8635117910584436
61861.09815832593 -0.6431815468174228 0.099034892812368 y 0.9225200652104666 31.103801907289842 0.03129983925911618 21.984608682501992 149.58219504748223 1.8635117910584436
61861.09857499259 -0.6431865370870842 0.09903757076598868 y 0.8568590103534307 33.636894190780716 0.02736628805165203 22.06961471187393 149.58219504748223 1.8635117910584436
61861.09899165925 -0.6431915273569243 0.09904024871585233 y 0.8569541692070126 33.62849329578064 0.027374845927208614 22.069343512785 149.58219504748223 1.8635117910584436
61861.099408325914 -0.643196517626049 0.09904292666142223 y 0.8570527520927655 33.61990765412698 0.027383633712141368 22.06906627966411 149.58219504748223 1.8635117910584436
61861.099824992576 -0.6432015078046471 0.09904560459912025 y 0.8571547616726889 33.611137304522806 0.027392651807240133 22.068783009155567 149.58219504748223 1.8635117910584436
61861.10024165924 -0.6432064980743085 0.09904828253261398 y 0.8572602007025734 33.60218228516737 0.02740190062506739 22.068493697785577 149.58219504748223 1.8635117910584436
61861.1006583259 -0.643211488252191 0.09905096045671512 y 0.8573690720322011 33.59304263375502 0.027411380590000856 22.068198341961992 149.58219504748223 1.8635117910584436
61861.10107499256 -0.6432164782475891 0.09905363837875886 y 0.8574813786055586 33.5837183874747 0.027421092138277023 22.067896937974073 149.58219504748223 1.8635117910584436
61861.101491659225 -0.6432214684256505 0.09905631630286 y 0.8575971234610544 33.57420958300854 0.0274310357180367 22.067589481992215 149.58219504748223 1.8635117910584436
61861.10190832589 -0.643226458512112 0.09905899420835491 y 0.8577163097317441 33.564516256531164 0.027441211789371266 22.067275970067687 149.58219504748223 1.8635117910584436
61861.10232499255 -0.6432314485069734 0.09906167211814357 y 0.7717213797720909 37.56958603311881 0.02284595404028375 22.18966601351507 149.58219504748223 1.8635117910584436
61439.18513475327 0.21372262187765276 -0.2517122973988626 y 0.7172500090639972 39.17024336449521 0.020863752400700687 22.234965663723326 149.5433514862016 1.8673805334356122
61439.18471808661 0.21372924394540474 -0.251714358349902 y 0.7176520819047186 39.12320508879517 0.02089209988291349 22.233661054816945 149.5433514862016 1.8673805334356122
61439.18430141995 0.21373586601279893 -0.25171641929074384 y 0.7367106108230792 38.01144999236223 0.02180903644929191 22.202361080667764 149.5433514862016 1.8673805334356122
61439.183884753285 0.21374248789717204 -0.25171848021593135 y 0.7371310760935512 37.965297731917246 0.021839822333262524 22.20104201430178 149.5433514862016 1.8673805334356122
61439.18346808662 0.2137491099645662 -0.25172054113181574 y 0.7188791273478146 38.980870975472826 0.020978598540333605 22.22970383570964 149.5433514862016 1.8673805334356122
61439.18305141996 0.21375573203196033 -0.25172260203034624 y 0.7192951273814214 38.93302037736818 0.021007922673955192 22.228370231844877 149.5433514862016 1.8673805334356122
61439.1826347533 0.2137623540989967 -0.2517246629139381 y 0.7704446186498856 36.13926695352583 0.02354760783096432 22.147523336945017 149.5433514862016 1.8673805334356122
61439.18221808664 0.2137689760755065 -0.25172672378563266 y 0.7708998008234778 36.09441853117858 0.023583012850107058 22.146175113832797 149.5433514862016 1.8673805334356122
61439.181801419974 0.21377559805094287 -0.251728784646235 y 0.7267594530653635 38.432125422682866 0.021391492106953337 22.214310996757092 149.5433514862016 1.8673805334356122
61439.187634753245 0.21368288919795117 -0.251699931387054 y 0.7088138456827769 39.81430453413968 0.020419270655369883 22.252672824125167 149.5433514862016 1.8673805334356122
61439.18721808658 0.2136895112655242 -0.25170199242092706 y 0.7276296973214875 38.68280154539506 0.021303101415702547 22.22136978839355 149.5433514862016 1.8673805334356122
61439.18138475331 0.21378222011869485 -0.2517308454862632 y 0.7849374570652438 35.35986649212154 0.02434697591738362 22.123851530617436 149.5433514862016 1.8673805334356122
61439.18680141992 0.21369613342469726 -0.2517040534406665 y 0.6682773575303667 42.38331175352815 0.018671179189924374 22.320562210828907 149.5433514862016 1.8673805334356122
61439.18638475326 0.21370275549209145 -0.25170611445316027 y 0.6686379681623505 42.33353330300615 0.018694035381363747 22.31928628342315 149.5433514862016 1.8673805334356122
61439.180134753326 0.21380208595483524 -0.2517370279405996 y 0.7347753103811604 37.88387398686246 0.02182164109261407 22.198710947531012 149.5433514862016 1.8673805334356122
61439.185551419934 0.21371599971865862 -0.2517102364278751 y 0.7168513864281763 39.21707815548048 0.020835644748675164 22.23626307338805 149.5433514862016 1.8673805334356122
61439.1859680866 0.2137093775596645 -0.2517081754461532 y 0.7164562016302312 39.263709297873255 0.020807775233675226 22.237553303192463 149.5433514862016 1.8673805334356122
61439.18096808665 0.21378884209448903 -0.2517329063141257 y 0.7854126145806021 35.31526690926859 0.024384809993268582 22.122481221544984 149.5433514862016 1.8673805334356122
61439.18055141999 0.21379546397886215 -0.251734967137784 y 0.7343262285608677 37.935944253584154 0.021787464465524126 22.200202235270055 149.5433514862016 1.8673805334356122
61063.221787795774 0.37593945191959344 -0.2978143745908419 y 0.7295535407410428 38.85665122261638 0.021272514417441005 22.226238411998512 149.4561164096764 1.9820088793391923
61063.22137112911 0.37594566356292386 -0.29781605836333075 y 0.7299054162319598 38.81736164064317 0.021297292561551308 22.22514002339507 149.4561164096764 1.9820088793391923
61063.22095446245 0.3759518753892753 -0.2978177421217754 y 0.7302606472415374 38.777865311395 0.021322294197187716 22.224034733804263 149.4561164096764 1.9820088793391923
61063.22053779579 0.3759580871240268 -0.2978194258600037 y 0.7306192444538436 38.738162364447525 0.021347520756502692 22.222922526896905 149.4561164096764 1.9820088793391923
61063.220121129125 0.375964298950736 -0.2978211095898234 y 0.7372352594960566 38.345059700002444 0.021671461752085036 22.211848534824487 149.4561164096764 1.9820088793391923
61063.21970446246 0.3759705105937086 -0.29782279329647476 y 0.7376039869757314 38.30531003348062 0.021697706248582062 22.210722443558687 149.4561164096764 1.9820088793391923
61063.2192877958 0.37597672242006 -0.2978244769947175 y 0.7317153419820317 38.617815098715724 0.021424564554675375 22.219544236213906 149.4561164096764 1.9820088793391923
61063.21887112914 0.3759829340632115 -0.2978261606728333 y 0.7320875132981849 38.57728695742396 0.021450705473729466 22.218404193045806 149.4561164096764 1.9820088793391923
61063.218454462476 0.37598914561494196 -0.2978278443281386 y 0.6958114375661212 40.72784280391234 0.019795890831723232 22.27730350865633 149.4561164096764 1.9820088793391923
61063.218037795814 0.3759953573496934 -0.29782952797485635 y 0.6961700478571939 40.68096188877153 0.019820495256551208 22.276053021987245 149.4561164096764 1.9820088793391923
62908.26964539528 0.08653892553701391 -0.21186398348407148 y 0.6724677210770735 35.9712449403547 0.021201125964781534 22.14246366094908 149.4368529527551 1.8595302880650872
61063.21762112915 0.376001568901066 -0.2978312116086034 y 0.7458165359958129 37.74748162686329 0.022144535264175286 22.194794945163025 149.4561164096764 1.9820088793391923
61063.21720446249 0.37600778045315425 -0.2978328952181087 y 0.7462095958479761 37.703541404205716 0.022174386715546907 22.19353035009032 149.4561164096764 1.9820088793391923
61063.21678779583 0.37601399218808457 -0.29783457881482217 y 0.6972654766590605 40.53906163986376 0.019895592053897758 22.272259218741027 149.4561164096764 1.9820088793391923
61063.216371129165 0.3760202036478572 -0.29783626239561295 y 0.6976371895023863 40.49134300843736 0.019921057140020872 22.270980443150673 149.4561164096764 1.9820088793391923
61063.2159544625 0.3760264151994087 -0.29783794595913937 y 0.7410782782419172 37.91577944307306 0.02195499576788034 22.199624959915383 149.4561164096764 1.9820088793391923
61063.21553779584 0.3760326267511392 -0.29783962951139464 y 0.7414818317564795 37.87065149117155 0.02198522246886742 22.198331930110097 149.4561164096764 1.9820088793391923
61063.21512112918 0.3760388382112696 -0.2978413130379769 y 0.6928064087984291 40.722556520958655 0.01973415272106668 22.277162576043427 149.4561164096764 1.9820088793391923
61063.214704462516 0.37604504967140007 -0.29784299655722396 y 0.711247381613329 39.559333475275196 0.020573129182971203 22.245697403345368 149.4561164096764 1.9820088793391923
61063.214287795854 0.3760512610397516 -0.29784468005348164 y 0.7116429858959815 39.51146607866897 0.02060092030330887 22.244382850510064 149.4561164096764 1.9820088793391923
61063.21387112919 0.37605747250006094 -0.2978463635428514 y 0.6893201329188954 40.843109848697054 0.019617395172807237 22.280371995243016 149.4561164096764 1.9820088793391923
62935.19650355333 -0.34703731100815766 -0.04797832949616406 y 0.6582561656395645 30.575746955490388 0.023737839821430035 21.966017677934865 149.33102456269714 1.704935311085861
