data_presto_bad_parallax_0_-20.csv
# %ECSV 0.9
# ---
# datatype:
# - {name: MJD, datatype: float64}
# - {name: ra_pi_amp, datatype: float64}
# - {name: dec_pi_amp, datatype: float64}
# - {name: filter, datatype: string}
# - {name: seeingFWHM, datatype: float64}
# - {name: snr, datatype: float64}
# - {name: position_errors, datatype: float64}
# - {name: fiveSigmaDepth, datatype: float64}
# - {name: fieldRA, datatype: float64}
# - {name: fieldDec, datatype: float64}
# schema: astropy-2.0
MJD ra_pi_amp dec_pi_amp filter seeingFWHM snr position_errors fiveSigmaDepth fieldRA fieldDec
61974.225029973226 0.8046858302529718 0.13842212810505963 y 0.9414754736183094 28.248949510533148 0.03479572630811676 21.880080745189183 359.0217534582348 -21.3618501583812
63115.31510803293 0.2621459546002791 -0.2467076812481766 z 0.8236589267137848 69.86570331640067 0.015459127448561498 22.863235077460544 359.70017682831934 -21.54613988000481
63496.28436621698 0.015566224298006501 -0.36084197779202964 y 0.829755180485654 29.00830005147158 0.030301688045532398 21.908880686563258 359.4788658335433 -21.78492210005766
62130.053439115625 -0.8995680434252902 -0.33605621049339734 z 1.0406619615777606 49.26103526806392 0.023372740563065812 22.48383382594867 359.20705027929614 -21.334791916459565
63087.191376974166 0.6428510077155464 -0.010922195511720235 z 1.163262607141262 49.35644799165527 0.025602326510654617 22.485934732954135 359.8218543695684 -21.654001368010974
63088.19401163235 0.6253919206898685 -0.020227110679129825 y 1.2049278247736586 23.010813868146652 0.05330985851357954 21.6574049378518 359.3600365901218 -21.55590219327928
60930.34836388096 0.1588251394256118 -0.2898311190590487 z 0.9531680213828371 55.093164855066846 0.01998312637563311 22.60531929255704 359.1722950672917 -21.33617916453522
62720.436431744674 0.6524128235872406 0.0032364345524371727 z 0.9274132052210898 40.11772834896351 0.025187479997359263 22.26091582237379 359.2244606730128 -21.364489846333843
63496.08696062294 0.018670993017377405 -0.359595577621749 z 0.8122021957513677 49.27039264805528 0.019280603982825745 22.484040047384482 359.4788658335433 -21.78492210005766
63115.07372682392 0.26578437241557806 -0.24483979281827345 z 1.1592052670879904 45.99978613356854 0.027111836454757503 22.40946452047112 359.70017682831934 -21.54613988000481
62004.15792011094 0.4788353074897396 -0.12047500008278479 y 1.0656757147082552 25.871847339253293 0.04238704644524347 21.784643589034044 359.2334956194905 -21.449299106369633
62720.21664574607 0.6548708614258798 0.005154372327830167 z 1.1709413418910768 52.587943457469535 0.024408813203895905 22.554790457430688 359.2244606730128 -21.364489846333843
62720.15667041791 0.6555400637797131 0.0056777361635223424 z 1.196609301269507 43.74874474875847 0.02912256762407966 22.35498898075531 359.2244606730128 -21.364489846333843
63115.103870857456 0.2653302491913921 -0.24507328066032416 z 0.9173252720361064 64.6530151048078 0.017358334085333302 22.779046946881838 359.70017682831934 -21.54613988000481
61601.22013290733 0.8546313581634635 0.20781060557961814 z 0.8538635509001309 55.56847746440478 0.018333385674782557 22.614646233153902 358.08157061953926 -20.303413789076018
60246.189634646566 -0.5410762806901515 -0.4863527491180711 z 0.5353684958426379 78.16792935936652 0.012120567683615028 22.985146508667956 358.74106671657114 -20.27526138780428
61341.21454561493 -0.5342585884232224 -0.48632191148059917 z 1.5112039087142382 30.977630597276683 0.04979810105802449 21.980195480603598 358.4095581085027 -20.355719017982143
63824.17434874766 0.5539309530001585 -0.05976013922606765 z 0.8939533728073624 55.390994295920734 0.018985948042151018 22.611172891706932 358.79391951148233 -20.997164259790708
61323.01585899493 -0.28516879606336903 -0.43244022446053915 y 1.0816056582632945 25.11309196565193 0.044215073442733115 21.752325456819612 358.1359027529307 -20.35744151919203
62357.2356104589 0.6191978931581658 -0.0012448800006246467 y 0.8082287476593496 37.88051019651375 0.023563454036052447 22.19861453840663 358.3758844283458 -20.18647582568063
60234.03891855623 -0.3841166089082882 -0.4613380524260724 y 1.1398792364040176 26.114849571252144 0.04477956027161579 21.79479381047002 358.28447782817216 -20.699682711116864
62342.22376383074 0.7776850078083342 0.12250946197370302 z 0.9083254054542179 42.30410871776114 0.02368581722642439 22.31853136308192 358.76453680029624 -20.54984269843485
62741.149635264985 0.37582269747476865 -0.15898399025618007 y 0.8314373876179931 34.273829693741476 0.02623895723650632 22.08998157514953 358.60663483514986 -20.33815764917907
61547.4015148465 0.8264523366389895 0.4937859783019426 z 0.9701907129302527 48.29182613143616 0.022441361246906287 22.462259060012798 358.6469975123474 -20.22457439118717
61547.37685380432 0.8262692494984631 0.49383536166015446 y 0.9502550692547511 23.438133081085933 0.041758168941410295 21.67738252876306 358.6469975123474 -20.22457439118717
63123.08084678818 0.12460857393945309 -0.2907227210999856 y 0.9428447097519496 28.069800849659913 0.035046261877118734 21.873173317664417 358.632411994759 -20.66844259335723
63842.11092073008 0.3056883002005223 -0.21237440248601458 z 1.0949457680710744 52.34426142769791 0.023185545575690674 22.549747679990176 358.8148646782994 -21.246487339587343
61599.44595540291 0.8705785788421678 0.22622185702969783 z 1.0082451824283227 43.37316779334899 0.02530550340045799 22.34562784502358 358.82123269787746 -20.195649241180877
62342.43391881699 0.7758584217365017 0.12076165736870534 z 0.8460725461549786 50.98203535625497 0.019375518996778016 22.52111791371459 358.76453680029624 -20.54984269843485
61661.06373224808 0.14866763453964738 -0.2806906730706223 z 0.808891082430765 45.382324988534776 0.020437520492791704 22.394791842967564 358.85981148283753 -20.556345324987024
60246.21345368426 -0.5413766145899439 -0.4863901378492371 y 0.7644191704919022 28.769691967315126 0.028389796001791957 21.899913019136772 358.74106671657114 -20.27526138780428
60546.131354131576 0.4357766625798867 -0.1366207844640695 z 0.8523786543058027 62.0237443957745 0.016995999335071107 22.733969942177318 358.9557870474584 -21.052008602761155
60221.05600173762 -0.18914450777984268 -0.40921822952207976 y 0.6214343648941789 48.12048401329437 0.016333243693883965 22.458399956613228 358.39364189504937 -20.742521870616734
60563.36111047265 0.16892602789571082 -0.2624866911473562 z 0.9697713007634676 59.607951406418415 0.019096742346018533 22.690835480020496 358.2455531624108 -20.415690148125947
60601.02056631918 -0.40308861035532806 -0.4618102301264161 z 0.6204622427043123 69.03453557438395 0.013445404188917586 22.85024100792764 358.504023244475 -20.312267088486074
60656.04271684801 -0.8898689018102364 -0.4079480897469983 z 0.9961181317674267 48.8721057880047 0.022703119952703403 22.475227619644627 358.6854618803713 -20.324773090469748
63842.40197698321 0.30135978092749605 -0.2146642720167454 z 1.179205339281727 45.591451847485004 0.02773045794251269 22.39978354519193 358.8148646782994 -21.246487339587343
60563.130210725685 0.17249806580267754 -0.26081703829765235 z 0.6984694399133661 92.85627916716324 0.012513241560984259 23.172103181951616 358.2455531624108 -20.415690148125947
63479.108161214535 0.285789666456025 -0.22187984994743343 y 0.8709215093345515 30.51183106417175 0.03024474500154394 21.963745667001145 359.7429640807712 -20.786500480315276
60865.27778839672 0.8971752118724526 0.25663019126273695 y 0.9003504827211857 27.44679213274054 0.03429385870016064 21.84880397219448 359.92120236991764 -20.89173316597172
60651.038237330264 -0.8732489333019168 -0.43462856928207994 y 1.0778476743356231 26.66963828789995 0.04163357751374029 21.817617802978347 359.1939376150252 -20.958899676239184
61522.42114798526 0.5612856613410394 0.5077305176374829 z 0.9742572736201051 36.17663426199535 0.02872725953031464 22.14864538735464 359.56474157088024 -20.702671339160624
61271.16553816352 0.5234151267377627 -0.07966744132307324 z 0.7590582014577832 80.76519899476091 0.013723288796090593 23.020635657795317 359.8212648350777 -20.420003978325123
63788.24015462302 0.8877976774265868 0.2453090531198892 z 1.1646247601082318 38.175361644846944 0.03210438345786191 22.20703288898323 359.64070021203617 -21.010790833299637
62118.05312232709 -0.8924260489636965 -0.4129838791890409 y 0.9229940803217056 32.089976105724304 0.030451476443259705 22.018498473457147 359.9343312816005 -21.056320999216307
63829.17528924342 0.5023399203711695 -0.10393155035714932 y 0.6571176096500432 44.457825682460864 0.01784569910416001 22.372445535809607 359.70565992044266 -21.282503913243133
61603.2399846663 0.8542116704028115 0.20147904545535325 z 0.9995286031171597 42.61418476801318 0.025498063158313298 22.326460450594944 359.81557995263296 -20.235947772980744
62751.04793369701 0.24037275176536196 -0.24664472081628275 z 1.272316234742542 33.66085570290816 0.039098542364842455 22.070387869442435 359.2875760380536 -21.009336709734225
63788.29261312483 0.8875406145952667 0.24490634140939055 y 0.8183034511537688 32.83481866374673 0.02685325172729873 22.043411544560037 359.64070021203617 -21.010790833299637
63222.03987372197 -0.904645193550614 -0.3636825067381457 z 0.6963911232497725 69.08356961865421 0.014199112209198214 22.851011913947413 359.6160382249221 -20.83792962364005
63491.06546805645 0.09703364610371598 -0.31726355113622556 z 0.7744888414732889 58.641370169582736 0.016565940175331542 22.67308526202406 359.4504652794586 -21.219655608288626
62862.04151056058 -0.9005870181828174 -0.33005040582691736 y 0.7876547215792501 27.991754576380966 0.029862899135902007 21.87015029346737 359.6031816713505 -20.90623017825042
62862.05366791857 -0.9005682757955003 -0.32996794160035897 y 1.0151246837239187 26.008254048445014 0.04029154397528677 21.790352985895638 359.6031816713505 -20.90623017825042
61271.16288401506 0.523449778835416 -0.07964483328693257 z 0.75095450163828 81.18670300866034 0.013621944528374666 23.02628725183043 359.8212648350777 -20.420003978325123
62118.04095076037 -0.8923974587319646 -0.41304784036756637 y 1.0299917124749403 26.84542936281053 0.03964926484468422 21.82475087519103 359.9343312816005 -21.056320999216307
61397.051826466704 -0.8985145872595065 -0.35288233868203517 y 0.8116248558762434 30.883282749208686 0.028118661740762458 21.976883633158298 359.33952121428274 -20.869905863995395
60651.05029999558 -0.8732942015253556 -0.43457483798659624 y 1.0440764574286219 28.692652274649568 0.03773734767653375 21.897001727063664 359.1939376150252 -20.958899676239184
60540.15133095671 0.5182913117895885 -0.07681582447131573 z 0.8581817933147767 46.8950051124525 0.02085407627561219 22.430391458014753 359.06919582902515 -20.45681744849593
63788.21989931121 0.8878967518681167 0.24546449843827425 z 1.049167238785205 39.33855616947674 0.02848332273188687 22.2396210294187 359.64070021203617 -21.010790833299637
61397.039586593426 -0.8985207103201153 -0.35295990948336337 y 0.9689416751109319 21.719598470621186 0.04571845281048907 21.594704469674188 359.33952121428274 -20.869905863995395
63788.26429007188 0.8876794911621602 0.24512379407186063 y 1.0042174133591522 24.42195063781314 0.042317962620339065 21.72202586191323 359.64070021203617 -21.010790833299637
60512.33481256828 0.8140869792784391 0.15156195716413978 z 1.7178946457065838 25.110214803841227 0.06914115581319567 21.752201058847866 359.1069592732234 -21.19714733904715
63788.31530297541 0.887429215897741 0.24473209895436557 y 0.8412481504523238 33.30748278606372 0.02716463975726956 22.058929519444558 359.64070021203617 -21.010790833299637
60865.253791392555 0.8972851438311064 0.2568125064349039 z 1.0049059224934447 43.584525506919924 0.025131682442141524 22.350905794908634 359.92120236991764 -20.89173316597172
61642.14000293567 0.4414246167559298 -0.12957674100645336 z 1.3556114303360967 43.322069495066884 0.03285051556203853 22.344347975895676 359.56891844381676 -20.414509055293557
63460.13473530384 0.5406396324082254 -0.07139807121141578 z 0.7298854175264455 70.91905729711348 0.01434995957674788 22.87948237425631 359.0744736997345 -21.071999223057492
62727.186654580786 0.5775625453281781 -0.049356068194999804 z 1.0076215169769986 31.972796191872174 0.03306346848195394 22.014526537424196 359.5702258003023 -21.024096642052406
62735.36624727072 0.4780749393948756 -0.1053596877512554 z 0.8669794986311219 74.32140161444852 0.015364849908249337 22.930359717528145 359.9893717039309 -20.190279998785975
61367.17041212981 -0.7895186793473826 -0.4878437086455524 z 0.7860141922777616 49.91909836337102 0.018652854728973097 22.498241820501875 359.4791405531354 -21.12574854410375
63118.10610915239 0.21006913091508692 -0.24555395063261995 z 0.8068319065698922 76.26972911985663 0.014557065333410564 22.958455499029718 359.1251455715173 -20.146281171864004
61271.38872901333 0.520497509524584 -0.08156796307350687 z 0.804192024916406 79.8320585770488 0.01419423675008413 23.008018309867516 359.8212648350777 -20.420003978325123
60512.310513782504 0.8142755225652042 0.1517644465828534 y 1.5160497856890278 16.304883218597336 0.09351752988672062 21.28336922061189 359.1069592732234 -21.19714733904715
62849.054092216546 -0.8982249478825547 -0.40570299549471023 z 0.8199511605190588 78.40013970247391 0.014470006998475867 22.988367080563634 358.95162686997656 -19.241348217120002
62752.24332549034 0.2062709429151591 -0.2335852531618721 z 0.6003046906151498 95.47990413333059 0.011812253660039462 23.20235492486304 358.35086416333434 -19.612296685199766
60866.34958331386 0.8869935160496474 0.25227883996864214 z 0.8103616903153162 59.66761723896772 0.016865667633978145 22.691921726948095 359.00315679285615 -19.74701279345216
61370.167678529295 -0.8193845817587718 -0.46690525711429404 z 0.6512537056684531 68.94996276437614 0.01375550299350168 22.848910079100598 358.34305866060834 -19.554166466191127
62841.04844895807 -0.876480465345072 -0.4386274382965375 y 0.8342219166774305 32.453277083510415 0.027581942395650545 22.030721383559136 358.4324577824669 -19.877266877633378
60586.07487066269 -0.17862674384167893 -0.38578906946405045 y 0.6632555251517891 46.012534561901234 0.01754373751462427 22.409765380838046 358.6745513199032 -19.30096275719965
62042.07882038015 -0.10696197296938277 -0.37240080014066235 z 0.8661618488285852 61.96321812277199 0.017187277995487728 22.732909902156607 358.47631753268416 -19.951713848825197
61332.187482375586 -0.413883392283988 -0.45668290251832994 y 1.102933165420198 26.59886228146528 0.04265420945145321 21.814732641315754 358.3918603878632 -19.698054990905767
62042.370271023065 -0.11151482525074682 -0.3740259032613861 z 1.365886778099901 33.51761575255777 0.041960330492751705 22.065757783869447 358.47631753268416 -19.951713848825197
60574.06032118847 0.014838835434071192 -0.32297913763592695 z 0.9557544778809892 62.01919093386287 0.018370828907220194 22.7338902301253 359.00411291692546 -19.69200471610814
61332.197378561046 -0.41402175296179133 -0.4567130622872737 y 0.8270138548881072 35.515409662395854 0.025342463417442236 22.128617060479367 358.3918603878632 -19.698054990905767
62752.10902639791 0.2083293303955028 -0.23259062436287206 z 0.6533864983655392 77.28988747747974 0.013094474304980189 22.972881676736293 358.35086416333434 -19.612296685199766
62816.20748324238 -0.7006253278437748 -0.4897937281496852 z 0.9341931142557454 42.15505720124733 0.024312641774226273 22.314699196517257 358.3261694993101 -19.589499960614834
60866.374291897344 0.8868672670414732 0.25209698151278676 y 0.8219706032247784 33.559577351476484 0.0264556426512649 22.067116195901626 359.00315679285615 -19.74701279345216
62841.03640912688 -0.8764329221480575 -0.43867501997251873 y 0.8255487275617027 31.17238730802612 0.02830842543678533 21.98700014812446 358.4324577824669 -19.877266877633378
61332.22019447398 -0.41434069983352234 -0.45678254509698524 y 0.7763925534346677 36.53105578367625 0.02348803335356064 22.15923054899434 358.3918603878632 -19.698054990905767
61687.25629589411 -0.2581721327257861 -0.4214890107775696 z 0.8749264220096167 64.77959171966991 0.016805283802201025 22.78117050539794 358.9217816487006 -19.762778439511703
63144.29208599245 -0.20059730327855468 -0.40445677491324694 y 0.9116756624847857 27.171852444987167 0.03501072271328878 21.837873107951427 359.0045779709762 -19.810677285463417
62108.15578914129 -0.8606003337857158 -0.45111380732694223 y 0.8802095540615695 23.666579213359388 0.038513005464282435 21.68791371212761 359.03871955027296 -20.089576610229834
