data_base17_ddf_parallax_150.1_2.18.csv
# %ECSV 0.9
# ---
# datatype:
# - {name: MJD, datatype: float64}
# - {name: ra_pi_amp, datatype: float64}
# - {name: dec_pi_amp, datatype: float64}
# - {name: filter, datatype: string}
# - {name: seeingFWHM, datatype: float64}
# - {name: snr, datatype: float64}
# - {name: position_errors, datatype: float64}
# - {name: fiveSigmaDepth, datatype: float64}
# - {name: fieldRA, datatype: float64}
# - {name: fieldDec, datatype: float64}
# schema: astropy-2.0
MJD ra_pi_amp dec_pi_amp filter seeingFWHM snr position_errors fiveSigmaDepth fieldRA fieldDec
[from data line 2767]
60294.31337032895 0.8272318276226356 -0.3727034477245017 y 0.7271743099152217 37.65912435470928 0.021745163196296862 22.192250533251435 150.4584322856907 2.562171647160116
60294.31295366229 0.8272347993020416 -0.37270344898784785 y 0.7276569949428461 37.60416192633915 0.02178163082911703 22.190664774458813 150.4584322856907 2.562171647160116
60294.312536995625 0.8272377709818053 -0.37270345023706036 y 0.7281434825793233 37.54901031992702 0.021818398445065754 22.18907122611503 150.4584322856907 2.562171647160116
60294.31212032896 0.827240742661748 -0.37270345146203115 y 0.7286337889499861 37.493669731499864 0.02185546844430184 22.18746986296278 150.4584322856907 2.562171647160116
60294.3117036623 0.8272437141581328 -0.372703452669648 y 0.7291279303492607 37.43814035573222 0.02189284325530889 22.185860659483907 150.4584322856907 2.562171647160116
60294.31128699564 0.8272466856550545 -0.3727034538557961 y 0.7296259232423034 37.38242238593659 0.021930525335265596 22.18424358989692 150.4584322856907 2.562171647160116
60294.310870328976 0.8272496572430394 -0.37270345502199614 y 0.7301277842666326 37.326516014056914 0.02196851717041999 22.182618628154543 150.4584322856907 2.562171647160116
60294.310453662314 0.8272526287397822 -0.37270345616815875 y 0.729290026579247 37.31254612544788 0.02195504759339176 22.18221220252213 150.4584322856907 2.562171647160116
61799.217655707114 0.3104331888073836 -0.26801048156727275 y 0.7504223218366917 37.74401557999944 0.02225510061828463 22.194695246184747 150.36955074322222 2.458361315545258
61799.21723904045 0.3104395954498854 -0.26801239617688644 y 0.7507218304034261 37.712437761931696 0.022277070838046906 22.193786505293108 150.36955074322222 2.458361315545258
61799.21682237379 0.3104460021838083 -0.2680143107738872 y 0.776728762534762 36.34422759781956 0.02359531268268663 22.153663597884474 150.36955074322222 2.458361315545258
61799.21640570713 0.31045240882577335 -0.2680162253504927 y 0.7770461614779312 36.3133755529357 0.023619678155667775 22.152741542031215 150.36955074322222 2.458361315545258
61799.215989040466 0.31045881555987515 -0.26801813991457474 y 0.7390076015671498 38.30816831721682 0.021728953986812075 22.210803456513695 150.36955074322222 2.458361315545258
61799.2155723738 0.31046522211041916 -0.2680200544627341 y 0.7393147641433444 38.27517785496823 0.021750843773071182 22.209868032736047 150.36955074322222 2.458361315545258
61799.21515570714 0.3104716288445209 -0.2680219690039161 y 0.7977068864495993 35.262508661841 0.024733638046018195 22.120858003767502 150.36955074322222 2.458361315545258
61799.21473904048 0.3104780353952438 -0.2680238835233611 y 0.7980471349917628 35.22871396013779 0.024762323306781218 22.11981696255373 150.36955074322222 2.458361315545258
61799.21432237382 0.31048444203738784 -0.2680257980301037 y 0.8454902314631354 33.10567663948349 0.027427126014810618 22.05233116104832 150.36955074322222 2.458361315545258
61799.213905707154 0.31049084858811077 -0.26802771252244434 y 0.8458595847019429 33.0735380120461 0.027460636906540114 22.051276628313023 150.36955074322222 2.458361315545258
61799.21348904049 0.3104972551390126 -0.268029627003335 y 0.8258470573356835 33.911640771621165 0.026326110859165728 22.078446996841844 150.36955074322222 2.458361315545258
61799.21307237383 0.31050366168937765 -0.2680315414642776 y 0.7602966127353913 37.031188999220916 0.02283708040966793 22.1739941307142 150.36955074322222 2.458361315545258
61799.21265570717 0.3105100682401006 -0.26803345591233896 y 0.7606361262027804 36.99454631903815 0.022863617500379806 22.17291925350853 150.36955074322222 2.458361315545258
61799.212239040506 0.31051647469940247 -0.2680353703517234 y 0.7674195584543322 36.625001084329995 0.023217373109575896 22.162019104709977 150.36955074322222 2.458361315545258
61799.21182237384 0.31052288125012534 -0.26803728477536404 y 0.7677691228446099 36.58830079224602 0.023244967352599354 22.16093059106131 150.36955074322222 2.458361315545258
61799.21140570718 0.3105292877094272 -0.2680391991761942 y 0.8345040820237367 33.450654220994586 0.026876916423015446 22.063586529231923 150.36955074322222 2.458361315545258
61799.21098904052 0.3105356941683713 -0.2680411135653059 y 0.8348937078538973 33.41671323827808 0.026911262010557657 22.06248431874195 150.36955074322222 2.458361315545258
61799.21057237386 0.31054210053571535 -0.26804302793751106 y 0.7753295185692896 36.14971926441841 0.0236644298698056 22.147837311535955 150.36955074322222 2.458361315545258
61799.210155707195 0.3105485070866172 -0.268044942305333 y 0.7756964350189747 36.112582024596364 0.023693632620070633 22.14672134238883 150.36955074322222 2.458361315545258
61799.20973904053 0.31055491345414016 -0.2680468566532069 y 0.7904322537518175 35.35371528130203 0.02449229333531288 22.123662639257695 150.36955074322222 2.458361315545258
61065.227096778435 0.3589982953860378 -0.283517691046035 z 1.041432534954901 58.68801403133307 0.02036893039571987 22.673948522876316 150.33401629942887 2.390337000193941
61065.22668011177 0.35900455121329583 -0.28351947742337696 z 1.0418571716391458 58.64462950140058 0.020386677739495946 22.673145606388584 150.33401629942887 2.390337000193941
61065.22626344511 0.359010806857354 -0.2835212637848856 z 1.042286498196653 58.600972652708904 0.020404598074269167 22.67233705028874 150.33401629942887 2.390337000193941
61065.22584677845 0.3590170626844332 -0.2835230501249255 z 1.0427205271705848 58.55704362355703 0.020422692303397834 22.67152284497627 150.33401629942887 2.390337000193941
61065.22543011179 0.3590233184202702 -0.28352483645074245 z 1.227427532999978 49.33740963876634 0.026812803606787575 22.48551584914995 150.33401629942887 2.390337000193941
61065.225013445124 0.35902957415592834 -0.28352662276367807 z 1.2279534517836719 49.29589428582692 0.02684214499253427 22.484601863252532 150.33401629942887 2.390337000193941
61065.22459677846 0.3590358297999865 -0.2835284090622118 z 1.2284849929703023 49.25415592603709 0.026871751792050293 22.483682191451997 150.33401629942887 2.390337000193941
61065.2241801118 0.35904208535262355 -0.28353019534500173 z 1.2290221721900345 49.21219472879824 0.026901625406400353 22.48275682367931 150.33401629942887 2.390337000193941
61065.22376344514 0.3590483409963239 -0.2835319816120479 z 1.2295650052650486 49.170010862583105 0.026931767253061577 22.481825749744996 150.33401629942887 2.390337000193941
61065.223346778475 0.3590545967323398 -0.2835337678663918 z 1.230113508210859 49.12760449493037 0.02696217876608001 22.480888959338397 150.33401629942887 2.390337000193941
61065.22293011181 0.35906085228426127 -0.2835355541032923 z 1.2306676972376316 49.084975792439465 0.026992861396228893 22.47994644202692 150.33401629942887 2.390337000193941
61065.22251344515 0.35906710792867724 -0.2835373403189924 z 1.2312275887515687 49.04212492076759 0.027023816611169208 22.47899818725533 150.33401629942887 2.390337000193941
61065.22209677849 0.35907336338953544 -0.2835391265287886 z 1.0052969445849897 60.640861911411164 0.019360426448033336 22.709488402807246 150.33401629942887 2.390337000193941
61065.22168011183 0.3590796190334146 -0.28354091271854737 z 1.0057586041971038 60.58728069223214 0.019379508245321416 22.70852864095498 150.33401629942887 2.390337000193941
61065.221263445164 0.35908587449463064 -0.2835426988939936 z 1.0062249122663447 60.533425126094855 0.01939876101817408 22.70756310923286 150.33401629942887 2.390337000193941
61065.2208467785 0.3590921300472677 -0.28354448505521673 z 1.0066958826941976 60.47929541327413 0.01941818577375188 22.706591796587045 150.33401629942887 2.390337000193941
61065.22043011184 0.3590983855081259 -0.2835462711934505 z 1.0071715295463086 60.42489175284099 0.019437783530867968 22.705614691837 150.33401629942887 2.390337000193941
61065.22001344518 0.3591046410605841 -0.2835480573259592 z 1.0076518670536838 60.37021434265665 0.019457555320104843 22.704631783674692 150.33401629942887 2.390337000193941
61065.219596778516 0.3591108965216212 -0.2835498434398617 z 1.0081369096138997 60.315263379365405 0.019477502183932977 22.703643060663758 150.33401629942887 2.390337000193941
61065.21918011185 0.3591171519821216 -0.28355162953936225 z 1.00862667179237 60.26003905838627 0.019497625176832043 22.702648511238618 150.33401629942887 2.390337000193941
61065.21876344519 0.3591234073517376 -0.2835534156219562 z 1.0234628829668746 59.31574142454185 0.019942854216550124 22.685499897385093 150.33401629942887 2.390337000193941
61065.21834677853 0.35912966272117475 -0.2835552016914899 z 1.0239696095645485 59.26079430920697 0.019964097983970655 22.68449365991379 150.33401629942887 2.390337000193941
61065.21793011187 0.35913591809079076 -0.2835569877395549 z 1.0244811718860147 59.20557844206002 0.019985527501605226 22.683481560547744 150.33401629942887 2.390337000193941
61065.217513445205 0.3591421734598701 -0.28355877377894295 z 1.0249975854091482 59.15009401073655 0.02000714390690866 22.682463587195848 150.33401629942887 2.390337000193941
61065.21709677854 0.35914842882966497 -0.2835605598042869 z 1.025518865788707 59.09434120162838 0.020028948350352033 22.68143972763336 150.33401629942887 2.390337000193941
61065.21668011188 0.35915468410732326 -0.28356234580807266 z 1.027804104832852 58.91774583411137 0.020107674335896546 22.67819029561266 150.33401629942887 2.390337000193941
61065.21489770448 0.3591814428011365 -0.28356998577303083 y 1.0349089206890292 26.43297080716206 0.04040909117344664 21.80793992996798 150.33401629942887 2.390337000193941
61065.214481037816 0.35918769789613153 -0.28357177170239156 y 1.0354648319049065 26.401438104737792 0.040474802975177665 21.80664394875324 150.33401629942887 2.390337000193941
61065.214064371154 0.3591939530821898 -0.28357355760876285 y 1.03602576285691 26.369770186723013 0.0405410586011638 21.805340851463697 150.33401629942887 2.390337000193941
61065.21364770449 0.3592002082680692 -0.2835753435065467 y 1.0365917308336217 26.337967185834703 0.0406078615892595 21.804030619782502 150.33401629942887 2.390337000193941
61065.21323103783 0.35920646345466417 -0.28357712938429297 y 1.0371627533152332 26.30602923403908 0.04067521551856674 21.802713235192318 150.33401629942887 2.390337000193941
61065.21281437117 0.35921271864125914 -0.2835789152492475 y 1.0377388479751075 26.273956462547083 0.040743124009914526 21.801388678973698 150.33401629942887 2.390337000193941
61065.212397704505 0.35921897373589634 -0.28358070110266254 y 1.0383200326813606 26.241749001812064 0.040811590726342724 21.800056932203532 150.33401629942887 2.390337000193941
61065.21198103784 0.3592252288303546 -0.28358248693460886 y 1.0389063254984965 26.209406981523674 0.04088061937360001 21.79871797575332 150.33401629942887 2.390337000193941
61065.21156437118 0.3592314838337497 -0.28358427275653647 y 0.9180198725822797 29.84880680021499 0.03234054526038037 21.939892426614062 150.33401629942887 2.390337000193941
61065.21114770452 0.3592377389287447 -0.28358605855270147 y 0.9185430497789818 29.81162168882848 0.0323937219323067 21.938538992588835 150.33401629942887 2.390337000193941
61065.210731037856 0.3592439940233819 -0.28358784434457285 y 0.9190707552824994 29.774283581413258 0.03244733623764867 21.93717829024958 150.33401629942887 2.390337000193941
61065.210314371194 0.35925024902641917 -0.2835896301164962 y 0.919603005638481 29.736792622332317 0.032501391182083006 21.935810299629786 150.33401629942887 2.390337000193941
61065.20989770453 0.35925650402963527 -0.2835914158754487 y 0.9201398175721742 29.69914895505607 0.03255588980629126 21.934435000549065 150.33401629942887 2.390337000193941
61065.20948103787 0.35926275903267246 -0.2835932016129326 y 0.9206812079899301 29.661352722159823 0.032610835186375635 21.93305237261146 150.33401629942887 2.390337000193941
61065.20906437121 0.3592690138528675 -0.28359498734191835 y 0.9212271939807547 29.623404065318514 0.03266623043428494 21.93166239520362 150.33401629942887 2.390337000193941
61065.208647704545 0.3592752688564415 -0.28359677305355024 y 0.9217777928179407 29.585303125300854 0.032722078698249744 21.93026504749294 150.33401629942887 2.390337000193941
61065.20823103788 0.35928152376787875 -0.28359855875095913 y 0.8812514250085882 31.01082805227557 0.030125679080546447 21.981358396508565 150.33401629942887 2.390337000193941
61065.20781437122 0.3592877786794949 -0.28360034443128246 y 0.881784874696166 30.97052035423024 0.030176820207366895 21.979946244808325 150.33401629942887 2.390337000193941
61065.20739770456 0.3592940335911111 -0.2836021300956831 y 0.8823227699363164 30.93005326628907 0.030228379723558643 21.97852665897355 150.33401629942887 2.390337000193941
61065.206981037896 0.3593002884113062 -0.2836039157430877 y 0.8846743595307544 30.79981731891827 0.03041433266026036 21.973945340669097 150.33401629942887 2.390337000193941
61416.256824971955 0.5606845103821805 -0.3340809733962383 y 0.7388998714842359 37.977479741353775 0.021875699038184006 22.201390341008953 150.33861281309873 2.480253379824004
61416.25640830529 0.5606899055566493 -0.3340821906047921 y 0.7329924696526882 38.28551351176391 0.02159970695549418 22.21016118047677 150.33861281309873 2.480253379824004
61416.25599163863 0.5606953007311182 -0.3340834077947396 y 0.7333577115855402 38.24353902878707 0.021626802400159253 22.20897017604379 150.33861281309873 2.480253379824004
61416.25557497197 0.5607006959057659 -0.3340846249690328 y 0.7274906845989633 38.55401406088971 0.021355417043347032 22.21774899271105 150.33861281309873 2.480253379824004
61416.25515830531 0.5607060908972137 -0.3340858421204261 y 0.753073419934551 37.126193765778396 0.022615191587807598 22.176776056592992 150.33861281309873 2.480253379824004
61416.25057497202 0.5607654351621186 -0.3340992296385156 y 0.8304792498016561 33.22392340158507 0.026922503095566867 22.05620228123102 150.33861281309873 2.480253379824004
61416.25015830536 0.5607708297875242 -0.3341004465708382 y 0.8654472135767064 31.777100219101783 0.029012783504327788 22.007860648312732 150.33861281309873 2.480253379824004
61416.2497416387 0.5607762245954143 -0.33410166349582565 y 0.8043651734881707 34.33492375628818 0.025472054827723717 22.09191520751565 150.33861281309873 2.480253379824004
61416.24890830537 0.5607870139376467 -0.3341040972775478 y 0.7415185140249967 37.38792286990577 0.02221152769882384 22.184403334367254 150.33861281309873 2.480253379824004
61416.249324972036 0.5607816192211779 -0.33410288039540836 y 0.8048265035320145 34.29064206652507 0.025512257964525716 22.090514031732837 150.33861281309873 2.480253379824004
60741.22534977936 -0.30204698222911724 -0.04797499819633036 y 0.7061510296623533 38.64606511552039 0.02082967981169241 22.220338192388812 150.23207757570646 2.5232841779380206
60741.22576644602 -0.3020534385798124 -0.047972282444749374 y 0.7082846981425363 38.45712782839991 0.020957214260667004 22.215017103707076 150.23207757570646 2.5232841779380206
60741.22618311268 -0.3020598947476654 -0.047969566699072284 y 0.7087935549466967 38.39689990584685 0.020994258529288507 22.213315393299244 150.23207757570646 2.5232841779380206
60741.226599779344 -0.30206635100676066 -0.047966850951785045 y 0.7093062664700188 38.3364803088315 0.021031608311773663 22.211605583114157 150.23207757570646 2.5232841779380206
60741.19572014999 -0.3015878294941627 -0.04816811141487427 z 0.7370689197583757 84.67126200498514 0.013258136112611596 23.071915071349117 150.23207757570646 2.5232841779380206
60741.19613681665 -0.3015942868512052 -0.04816539584935573 z 0.8257652439870935 74.94069799633355 0.014880070773444946 22.939369323629272 150.23207757570646 2.5232841779380206
60741.196553483314 -0.3016007442084267 -0.0481626802782911 z 0.8260973942856475 74.88377352588701 0.014889560596284534 22.938544292032677 150.23207757570646 2.5232841779380206
