data_base17_ddf_parallax_9.45_-44.csv
# %ECSV 0.9
# ---
# datatype:
# - {name: MJD, datatype: float64}
# - {name: ra_pi_amp, datatype: float64}
# - {name: dec_pi_amp, datatype: float64}
# - {name: filter, datatype: string}
# - {name: seeingFWHM, datatype: float64}
# - {name: snr, datatype: float64}
# - {name: position_errors, datatype: float64}
# - {name: fiveSigmaDepth, datatype: float64}
# - {name: fieldRA, datatype: float64}
# - {name: fieldDec, datatype: float64}
# schema: astropy-2.0
MJD ra_pi_amp dec_pi_amp filter seeingFWHM snr position_errors fiveSigmaDepth fieldRA fieldDec
[from data line 2132]
62848.080215058566 -0.8582016567854942 -0.4817454928790444 y 0.8027793201837599 36.02677478098955 0.024423872133535897 22.144138450633847 9.185413070018052 -44.12811334363179
62848.09116413254 -0.8582582892148959 -0.4816269109387762 z 1.019647862915111 55.46956091397909 0.020926111964340004 22.612711809419025 9.185413070018052 -44.12811334363179
59866.113099484806 -0.17130167470967894 -0.7706704656093214 z 0.7477295862006461 91.20093092250669 0.012931309836077064 23.152573167558963 9.17514135865645 -44.092656480257496
59866.11351615147 -0.17130815119662485 -0.7706712350715627 z 0.7475252855251562 91.25014590515677 0.012927087777671934 23.153158908029283 9.17514135865645 -44.092656480257496
59866.12101615139 -0.1714247265943602 -0.7706850791415489 z 0.8028806550913375 79.8092605932731 0.014184620978956371 23.007708207236472 9.17514135865645 -44.092656480257496
59866.120599484726 -0.1714182502618998 -0.7706843103777575 z 0.8030643166235794 80.4695910628177 0.014127805666753498 23.01665447490517 9.17514135865645 -44.092656480257496
59866.120182818064 -0.17141177391271167 -0.7706835415451766 z 0.8032500625406628 81.134278621464 0.014071782144163993 23.025585936983774 9.17514135865645 -44.092656480257496
59866.1197661514 -0.17140529755100015 -0.7706827726667957 z 0.8899311326055993 73.35939384676382 0.015721447598873683 22.916214324642112 9.17514135865645 -44.092656480257496
59866.11184948482 -0.1712822451895339 -0.7706681568103082 z 0.8240444584084875 82.12517868345157 0.014166201238537684 23.038765807867296 9.17514135865645 -44.092656480257496
59866.11934948474 -0.17139882119760774 -0.7706820038112254 z 0.8901429163500005 73.963295182303 0.015647347596943265 22.92511561772812 9.17514135865645 -44.092656480257496
59866.1063142503 -0.1711962066613793 -0.7706579290661796 y 0.81205784166369 38.03467496068797 0.0235763055173022 22.203024262118895 9.17514135865645 -44.092656480257496
59866.103814250324 -0.17115734668880894 -0.7706533073917755 y 0.7773146136332912 39.77079043792214 0.021954535600706343 22.251485545667933 9.17514135865645 -44.092656480257496
59866.10339758366 -0.17115087000488735 -0.7706525369218451 y 0.7775744625356603 39.7421560652743 0.021972894869174895 22.250703550337725 9.17514135865645 -44.092656480257496
59866.10881425027 -0.17123506632444194 -0.7706625493325024 y 0.8105465101317665 38.19150253242092 0.02346113595257579 22.207491851033478 9.17514135865645 -44.092656480257496
59866.100896764314 -0.17111199693951393 -0.7706479120526235 y 0.6760213833770564 46.0924724218512 0.017751341570935192 22.411650000432846 9.17514135865645 -44.092656480257496
59866.11726615143 -0.17136643924279418 -0.7706781587440396 z 0.8912369022792354 75.7907512350361 0.015436264354731307 22.951615518653774 9.17514135865645 -44.092656480257496
59866.11768281809 -0.17137291565442053 -0.7706789278284308 z 0.8910134187490941 75.82932676848297 0.015429463223289206 22.9521679897346 9.17514135865645 -44.092656480257496
59866.102980917 -0.1711443933128255 -0.7706517665090752 y 0.777836435047776 39.713397377259184 0.021991386859740124 22.249917592684923 9.17514135865645 -44.092656480257496
59866.10673091696 -0.17120268329064506 -0.7706586992155996 y 0.8118004714560988 38.06111149064819 0.023556754117709303 22.20377865602687 9.17514135865645 -44.092656480257496
59866.10256425034 -0.1711379165916914 -0.7706509960163342 y 0.7781005351690437 39.68451449275626 0.022010012138101085 22.249127667760014 9.17514135865645 -44.092656480257496
59866.10839758361 -0.17122858973256755 -0.7706617793778219 y 0.8107929297861152 38.16566358167974 0.02347997629396365 22.206757033679423 9.17514135865645 -44.092656480257496
59866.107980916946 -0.17122211313693617 -0.7706610093658018 y 0.8110415319770233 38.13970488919626 0.02349895772051412 22.206018309945836 9.17514135865645 -44.092656480257496
59866.10131425035 -0.1711184864232797 -0.7706486841829824 y 0.6750088054518697 46.20057547368228 0.017704907116757904 22.414193452048544 9.17514135865645 -44.092656480257496
59866.11809948475 -0.17137939204556218 -0.7706796969128222 z 0.8907922816430979 75.79849985236011 0.015430880767090127 22.951726515367756 9.17514135865645 -44.092656480257496
59866.118516151415 -0.17138586843241002 -0.7706804659515032 z 0.8905734876907109 75.18284693377302 0.015502074639215564 22.942871906737793 9.17514135865645 -44.092656480257496
59866.11893281808 -0.17139234480682394 -0.7706812349442945 z 0.890357033658498 74.57111235202105 0.015574226776476841 22.934001542566534 9.17514135865645 -44.092656480257496
59866.105897583635 -0.1711897300153858 -0.7706571589399279 y 0.7760470858358901 39.912093411391545 0.02186471064122481 22.255336257578442 9.17514135865645 -44.092656480257496
59866.10173091701 -0.17112496315291184 -0.7706494548360234 y 0.6747765042695842 46.234752430642686 0.0176918507514648 22.414996330386785 9.17514135865645 -44.092656480257496
59866.102147583675 -0.1711314398827229 -0.7706502254205433 y 0.6745464947970143 46.26874143051636 0.017678907870018946 22.415794204885287 9.17514135865645 -44.092656480257496
59866.11143281816 -0.17127576864802158 -0.7706673872219381 z 0.824279729415591 82.07987324360121 0.014172155660036415 23.03816668187222 9.17514135865645 -44.092656480257496
59866.107564250284 -0.17121563652412974 -0.7706602393997607 y 0.8112923204548941 38.113626567891934 0.023518080790312305 22.20527567541008 9.17514135865645 -44.092656480257496
59866.11559948478 -0.17134053353644454 -0.7706750819481164 z 0.7465332494044509 91.49240324972881 0.012906495107306666 23.156037577777187 9.17514135865645 -44.092656480257496
59866.11393281813 -0.17131462767954533 -0.7706720045109934 z 0.7473229533236234 91.29910665180459 0.012922900415644065 23.153741309280207 9.17514135865645 -44.092656480257496
59866.11434948479 -0.17132110416264473 -0.7706727739276136 z 0.7471225865796014 91.34781296089257 0.01291874760775499 23.1543203741179 9.17514135865645 -44.092656480257496
59866.11059665767 -0.1712627716269759 -0.7706658424804099 z 0.8255596461481604 81.88937637818532 0.014199811527373572 23.035643898640515 9.17514135865645 -44.092656480257496
59866.114766151455 -0.17132758063295236 -0.7706735433212443 z 0.7469241823084545 91.39626463102817 0.012914629213154708 23.154896105319406 9.17514135865645 -44.092656480257496
59866.10548091697 -0.17118325337314932 -0.770656388664558 y 0.7762963754079922 39.884082398007756 0.02188241460950095 22.254574001184487 9.17514135865645 -44.092656480257496
59866.10714758362 -0.17120915991159172 -0.7706594692962301 y 0.8115452990066895 38.08742873071698 0.023537346066579555 22.20452912560663 9.17514135865645 -44.092656480257496
59866.10506425031 -0.17117677671069645 -0.7706556183778275 y 0.7765477691374307 39.855946475189796 0.021900248546287897 22.253807806545304 9.17514135865645 -44.092656480257496
59866.111016151495 -0.17126929212296868 -0.7706666174848075 z 0.8245188189188364 82.03332901134323 0.014178259737969132 23.037550829414943 9.17514135865645 -44.092656480257496
59866.11601615144 -0.17134700997338614 -0.7706758512157972 z 0.7463407149602194 91.5400897963602 0.012902479121219217 23.1566033244429 9.17514135865645 -44.092656480257496
59866.116432818104 -0.17135348639789377 -0.7706766204376779 z 0.8916909218803725 75.7129653396325 0.015450040202636477 22.95050062890467 9.17514135865645 -44.092656480257496
59866.11226615148 -0.17128872168945047 -0.7706689265015495 z 0.8238113835707491 82.17025554090108 0.014160294532871553 23.03936158312531 9.17514135865645 -44.092656480257496
59866.112682818144 -0.1712951982138772 -0.7706696960440301 z 0.8235805014157254 82.21510363356381 0.01415443535194619 23.039954010569833 9.17514135865645 -44.092656480257496
59866.116849484766 -0.17135996283465646 -0.7706773895450587 z 0.8914627355412849 75.75196403692475 0.01544312327859634 22.95105973256911 9.17514135865645 -44.092656480257496
59866.11518281812 -0.17133405707866037 -0.7706743127033356 z 0.7467277375572068 91.44446146099158 0.0129105450923721 23.155468505632797 9.17514135865645 -44.092656480257496
59866.104230916986 -0.1711638233806919 -0.7706540777585665 y 0.7770568843777811 39.79930037634431 0.02193630849367608 22.252263583580124 9.17514135865645 -44.092656480257496
59866.10464758365 -0.17117030005173225 -0.770654848045297 y 0.7768012708426005 39.82768576170524 0.021918212992430602 22.253037668934162 9.17514135865645 -44.092656480257496
63118.163032814424 0.37440470827405953 -0.5762206524292426 z 0.7716720054627009 84.32945451381777 0.01355488759034807 23.06752321690155 9.19044226191576 -44.06241524827782
63118.163449481086 0.37439867857654635 -0.5762244276258641 z 0.7712295631374755 84.42452059442273 0.01354439841043194 23.06874649708099 9.19044226191576 -44.06241524827782
63118.16386614775 0.3743926488666886 -0.5762282028224855 z 0.7707896195390825 84.51718648438941 0.01353413695630751 23.06993756734437 9.19044226191576 -44.06241524827782
63118.16428281441 0.37438661914055044 -0.5762319780075675 z 0.7703521670971865 84.60965201723938 0.013523941631094678 23.07112476137696 9.19044226191576 -44.06241524827782
63118.16469948107 0.37438058938077784 -0.5762357531241286 z 0.7699171982974682 84.70191685052765 0.013513812008039871 23.07230808606662 9.19044226191576 -44.06241524827782
63118.165116147735 0.374374559613849 -0.5762395282406 z 0.6523220076106018 101.34291842186397 0.011892524071334329 23.267058505976262 9.19044226191576 -44.06241524827782
63118.1655328144 0.3743685298261671 -0.5762433032767427 z 0.6519622051360465 101.45270928457988 0.011886837615310156 23.268234112448617 9.19044226191576 -44.06241524827782
63118.16594948106 0.37436250001791094 -0.576247078358864 z 0.6516044621502164 101.56225904807941 0.011881189186327858 23.269405869949807 9.19044226191576 -44.06241524827782
63118.16636614772 0.3743564701894384 -0.5762508533380251 z 0.6512487725503562 101.67156730175807 0.01187557852477845 23.27057378517409 9.19044226191576 -44.06241524827782
63118.16678281438 0.37435044034414866 -0.5762546283398177 z 0.6508951302790892 101.7806336346881 0.011870005373383528 23.271737864768028 9.19044226191576 -44.06241524827782
63118.167199481046 0.37434441048275735 -0.5762584032500998 z 0.6505435293241092 101.88945763562697 0.011864469477172684 23.27289811533082 9.19044226191576 -44.06241524827782
63118.16761614771 0.3743383806088426 -0.5762621782520714 z 0.6501939637179345 101.99803889301258 0.011858970583461885 23.274054543414483 9.19044226191576 -44.06241524827782
63118.16803281437 0.3743323506937795 -0.5762659531168218 z 0.6498464275375657 102.10637699497518 0.011853508441831055 23.275207155524228 9.19044226191576 -44.06241524827782
63118.16844948103 0.3743263207749593 -0.5762697279813038 z 0.6864229106850549 96.26581768505993 0.012281854739234257 23.211255249388746 9.19044226191576 -44.06241524827782
63118.205580053356 0.37378889729079745 -0.5766060032207543 y 0.8288262915186294 37.274324483268174 0.02438099730009906 22.181099443024014 9.19044226191576 -44.06241524827782
63118.205163386694 0.37379492891459376 -0.5766022308982609 y 0.829075301953376 37.25088929770989 0.024399853461541773 22.18041660217127 9.19044226191576 -44.06241524827782
63118.20474672003 0.37380096052175177 -0.5765984585298781 y 0.8293265435537882 37.226785663531764 0.024419155921644214 22.179713836161973 9.19044226191576 -44.06241524827782
63118.16261614776 0.3744107379509985 -0.5762168772098106 z 0.772116954141548 84.23072287138018 0.013565699830481072 23.06625130875964 9.19044226191576 -44.06241524827782
63118.1621994811 0.37441676761219383 -0.5762131019328602 z 0.7725644168575349 84.13180408184104 0.013576581776426582 23.064975493702274 9.19044226191576 -44.06241524827782
63118.16178281444 0.3744227972438695 -0.5762093266675388 z 0.7730144013513767 84.03269852894192 0.013587533889877186 23.063695764655275 9.19044226191576 -44.06241524827782
63118.20433005337 0.3738069921247949 -0.5765946862988953 y 0.8295800201066745 37.20111136030485 0.02443940034933349 22.17896477505006 9.19044226191576 -44.06241524827782
63118.20391338671 0.37381302367899666 -0.5765909137929337 y 0.82983573543612 37.175320866377476 0.024459794748784288 22.17821180335514 9.19044226191576 -44.06241524827782
63118.203496720045 0.37381905522461095 -0.5765871413558509 y 0.8300936934036115 37.14941429597693 0.024480339714083373 22.177454916633575 9.19044226191576 -44.06241524827782
63118.20308005338 0.3738250867578806 -0.5765833690219074 y 0.9042856012693047 33.90311491775303 0.028485606180733907 22.078173993476256 9.19044226191576 -44.06241524827782
63118.20266338672 0.3738311182584106 -0.5765795965275747 y 0.9045729854524989 33.879243916791296 0.028511147713306345 22.0774092631982 9.19044226191576 -44.06241524827782
63118.20224672006 0.3738371497553623 -0.5765758240102525 y 0.9048628382224039 33.85526722150918 0.02853687492318105 22.076640604303698 9.19044226191576 -44.06241524827782
63118.2018300534 0.37384318122351023 -0.5765720514586699 y 0.9051551639729395 33.83118493630053 0.0285627885442413 22.075868012175906 9.19044226191576 -44.06241524827782
63118.161366147775 0.37442882685139295 -0.5762055512535463 z 0.6512257599897344 101.05569553399064 0.011896556275282225 23.263976977981173 9.19044226191576 -44.06241524827782
63118.16094948111 0.3744348564544437 -0.5762017759426038 z 0.6516037102136552 100.9359242556762 0.011902730618725134 23.26268939953082 9.19044226191576 -44.06241524827782
63118.201413386734 0.37384921267859794 -0.5765682789872371 y 0.9054499671398446 33.80699716557793 0.02858888931703232 22.075091482154274 9.19044226191576 -44.06241524827782
63118.16053281445 0.3744408860292272 -0.5761980005627823 z 0.6532179318465432 100.58359477656083 0.01192374355295752 23.258892871401997 9.19044226191576 -44.06241524827782
63118.20099672007 0.3738552441179419 -0.5765645063555043 y 0.9057472522008998 33.78270401376994 0.02861517798881 22.0743110095343 9.19044226191576 -44.06241524827782
63118.20058005341 0.37386127552436715 -0.5765607337579426 y 0.9060470236761092 33.75830558532038 0.028641655313587516 22.073526589567336 9.19044226191576 -44.06241524827782
63118.20016338675 0.37386730693454945 -0.5765569611949993 y 0.9063492861278535 33.733801984690686 0.02866832205217929 22.07273821746051 9.19044226191576 -44.06241524827782
63118.199746720085 0.37387333830036296 -0.5765531884029668 y 0.906654044161122 33.709193316354735 0.028695178972253283 22.07194588837638 9.19044226191576 -44.06241524827782
63118.19933005342 0.3738793696615249 -0.576549415759605 y 0.76644803952609 40.30933676000391 0.02148343895319701 22.266089120250832 9.19044226191576 -44.06241524827782
63118.19891338676 0.3738854010024705 -0.5765456430135513 y 0.7667068929944921 40.2796371211368 0.021501537229896294 22.265288862520944 9.19044226191576 -44.06241524827782
63118.1984967201 0.373891432318727 -0.5765418702785002 y 0.7669678436540689 40.24981212565629 0.021519765116801082 22.26448463303264 9.19044226191576 -44.06241524827782
63118.19808005344 0.37389746361834525 -0.5765380974980965 y 0.7672314932453371 40.219818867355315 0.021538154415130153 22.263675265137145 9.19044226191576 -44.06241524827782
63118.19766244374 0.37390350855598314 -0.5765343161639189 y 0.7683806062970427 40.126221388789325 0.021602954201479528 22.26114565156071 9.19044226191576 -44.06241524827782
61626.32249593101 0.7545745385843625 -0.2325857228610109 z 0.9836634785261509 68.91877372685956 0.017427353677005937 22.848418842745456 9.092406525678966 -44.055204267210534
63070.33379202253 0.8780587139635496 -0.008214663222233225 y 0.8133999510361208 37.99066224268913 0.023630710925771757 22.201767149464153 9.321163585821212 -44.05354606419568
63070.33420868919 0.8780564622200497 -0.008220215204140614 y 0.8131417746054296 38.01738236771333 0.02361092542586602 22.202530516249293 9.321163585821212 -44.05354606419568
