data_base17_ddf_parallax_9.45_-44.csv
# %ECSV 0.9
# ---
# datatype:
# - {name: MJD, datatype: float64}
# - {name: ra_pi_amp, datatype: float64}
# - {name: dec_pi_amp, datatype: float64}
# - {name: filter, datatype: string}
# - {name: seeingFWHM, datatype: float64}
# - {name: snr, datatype: float64}
# - {name: position_errors, datatype: float64}
# - {name: fiveSigmaDepth, datatype: float64}
# - {name: fieldRA, datatype: float64}
# - {name: fieldDec, datatype: float64}
# schema: astropy-2.0
MJD ra_pi_amp dec_pi_amp filter seeingFWHM snr position_errors fiveSigmaDepth fieldRA fieldDec
[from data line 1761]
60121.39459706355 0.9316745979283297 0.342702747876924 y 0.696991763329996 44.28128335093905 0.018648075020867433 22.368125486713396 8.998091379898016 -43.92643400802095
60121.409296677884 0.9316966954397036 0.34252582096074424 z 0.7117622127615055 95.83496658364793 0.01245631149221725 23.206384978548094 8.998091379898016 -43.92643400802095
60121.394180396885 0.9316739707332833 0.34270776268276576 y 0.697266054241688 44.24221849186614 0.018665041969780968 22.367167229669796 8.998091379898016 -43.92643400802095
60121.40054667798 0.9316835486476898 0.342631139773363 z 0.8200937981605971 81.78624374305073 0.014161440643049868 23.034275645377214 8.998091379898016 -43.92643400802095
60121.39209706357 0.9316708341001239 0.34273283624270345 y 0.6828851544004295 45.14671538726204 0.018132654349774624 22.389140386798296 8.998091379898016 -43.92643400802095
60121.41013001121 0.9316979464686855 0.34251579018089273 z 0.7113380065566087 95.94834211163958 0.012448447345586356 23.207668676599308 8.998091379898016 -43.92643400802095
60121.40012947091 0.9316829212892125 0.34263616132334235 z 0.8213736198352333 81.61115874551237 0.014187800912844665 23.031948849594702 8.998091379898016 -43.92643400802095
60121.39376373022 0.9316733434969097 0.3427127774657969 y 0.6975423125928276 44.20302091936566 0.01868212275167747 22.36620486636631 8.998091379898016 -43.92643400802095
60121.39709706352 0.9316783600967333 0.3426726589157448 y 0.6961137288624228 44.456834534049435 0.01857899436635651 22.372421329998957 8.998091379898016 -43.92643400802095
60121.39126373025 0.9316695791347582 0.34274286562547646 y 0.6834454551560848 45.06486890567545 0.018165955469171928 22.38717026924921 8.998091379898016 -43.92643400802095
60121.39584706353 0.9316764792074498 0.3426877035509988 y 0.6961806523159205 44.397615937478 0.018597870566375557 22.370974114165175 8.998091379898016 -43.92643400802095
60575.28678832946 0.16220998146695176 -0.6788217488746905 z 0.658016283179987 91.54539686594454 0.012315252938684183 23.15666626856475 8.74685161534706 -43.9177381189007
60121.397930396844 0.931679613803941 0.34266262916666135 y 0.6955938012936747 44.52902043165699 0.018547771613470404 22.374182842763595 8.998091379898016 -43.92643400802095
63461.29675834425 0.6594129022858393 -0.33797569856473 y 0.8049284028523429 37.886690589177746 0.023481456612442005 22.198791667191124 9.031542668631715 -43.88028854767862
62393.32086063447 0.28597582215509626 -0.6247972138650948 z 0.62604771352291 107.57346938604897 0.01157018440180324 23.33183792770988 8.791356595690024 -43.8390496393118
62393.32127730113 0.28596954622647414 -0.6248005491145512 z 0.6263603446592425 107.47079514068552 0.011574446548254071 23.3308011443834 8.791356595690024 -43.8390496393118
62393.321693967795 0.285963270273163 -0.6248038843410182 z 0.6266748765340622 107.36784878026415 0.011578737865769323 23.32976061836655 8.791356595690024 -43.8390496393118
62393.327527301066 0.28587540558161106 -0.6248505740308465 z 0.6239051094100915 107.246299773473 0.011569065660829792 23.328530781728794 8.791356595690024 -43.8390496393118
62393.32794396773 0.2858691294272094 -0.6248539088222137 z 0.6242444287670674 107.13148375675702 0.011573796356171397 23.32736778884678 8.791356595690024 -43.8390496393118
62393.32836063439 0.28586285325223343 -0.6248572435336097 z 0.6245857124403924 107.01641102389807 0.011578559232128381 23.326200944368587 8.791356595690024 -43.8390496393118
62393.32211063446 0.2859569943321964 -0.6248072195445853 z 0.6573567459718828 101.88410618125954 0.011900771673568926 23.272841088622865 8.791356595690024 -43.8390496393118
62393.32044396781 0.28598209806690117 -0.6247938786958778 z 0.625736977918049 107.67587113846751 0.011565951235402848 23.332870974298068 8.791356595690024 -43.8390496393118
62393.320027301146 0.28598837397137095 -0.6247905432863003 z 0.6254281326773028 107.7780000198711 0.011561746859767196 23.333900290056473 8.791356595690024 -43.8390496393118
62393.32252730112 0.2859507183543751 -0.6248105547251628 z 0.657691907199916 101.78580788086371 0.011905937663982262 23.271793059193637 8.791356595690024 -43.8390496393118
62393.32294396778 0.28594444236367256 -0.6248138898602981 z 0.6580290862439621 101.68725219075895 0.01191113871113191 23.270741268954062 8.791356595690024 -43.8390496393118
62393.323360634444 0.28593816636957076 -0.6248172249492757 z 0.6583682887556106 101.58843946915192 0.011916375044765717 23.2696857117754 8.791356595690024 -43.8390496393118
62393.319610634484 0.28599464985455086 -0.6247872079682333 z 0.6251211726727152 107.8798556520119 0.011557571087322424 23.3349258808503 8.791356595690024 -43.8390496393118
62393.31877730116 0.2860072015930013 -0.62478053718316 z 0.6245128880559011 108.08274565463334 0.01154930461017368 23.336965910789786 8.791356595690024 -43.8390496393118
62393.31919396782 0.2860009257298589 -0.6247838725698375 z 0.6248160928155286 107.98143765646367 0.011553423732190671 23.33594775250164 8.791356595690024 -43.8390496393118
62393.31241156047 0.2861030809946694 -0.624729575622951 y 0.6179708481900986 50.2251239251716 0.015855247346891185 22.50487753165302 8.791356595690024 -43.8390496393118
62393.309078227176 0.28615328560140085 -0.6247028872501879 y 0.5694124673348575 55.141844492633886 0.01437473253915181 22.60627821202717 8.791356595690024 -43.8390496393118
62393.30949489384 0.28614701009088256 -0.6247062235300547 y 0.5696509767849391 55.09119647533225 0.014384665620200526 22.605280500461376 8.791356595690024 -43.8390496393118
62393.323777301106 0.28593189035900957 -0.6248205600153534 z 0.6587095204294965 101.48937007405677 0.011921646896705424 23.268626381484086 8.791356595690024 -43.8390496393118
62393.32419396777 0.2859256143234016 -0.6248238950701598 z 0.6590527870035825 101.39004436329864 0.011926954500866086 23.26756327186157 8.791356595690024 -43.8390496393118
62393.31199489381 0.2861093566238025 -0.6247262397438341 y 0.6176985175881426 50.27266250449348 0.015842018323577674 22.505904705730696 8.791356595690024 -43.8390496393118
62393.32461063443 0.2859193382801006 -0.6248272299874769 z 0.6593980942594287 101.29046269450244 0.011932298093276169 23.26649637664395 8.791356595690024 -43.8390496393118
62393.32502730109 0.2859130622199825 -0.624830564962044 z 0.6597454480224618 101.19062542509347 0.011937677912097409 23.265425689521784 8.791356595690024 -43.8390496393118
62393.31157822715 0.28611563223665515 -0.6247229037615779 y 0.5708678462819982 54.83547333502167 0.014435363062106592 22.600228980695345 8.791356595690024 -43.8390496393118
62393.325443967755 0.28590678615181353 -0.624833899925161 z 0.6600948541622718 101.09053291229196 0.011943094197645271 23.26435120413979 8.791356595690024 -43.8390496393118
62393.3183606345 0.28601347743556954 -0.6247772017391431 z 0.6214844057294251 108.70184988880334 0.011519022027157358 23.343167326598856 8.791356595690024 -43.8390496393118
62393.32669396774 0.285887957857138 -0.6248439045627018 z 0.6232323404826327 107.47515993789497 0.01155969992359495 23.330845239359327 8.791356595690024 -43.8390496393118
62393.32586063442 0.28590051006360706 -0.6248372347736887 z 0.6225673597641576 107.69474548081743 0.01155068167503138 23.3330612746947 8.791356595690024 -43.8390496393118
62393.317943967835 0.28601975326972917 -0.6247738662950367 z 0.6202224003373061 109.00946624157018 0.011505293202494422 23.346235522038352 8.791356595690024 -43.8390496393118
62393.327110634404 0.2858816817358339 -0.6248472393539793 z 0.6235677485679999 107.36085864398527 0.011564366923496714 23.329689929690332 8.791356595690024 -43.8390496393118
62393.3099115605 0.28614073453581657 -0.6247095595464819 y 0.5698911025614284 55.04038265058245 0.014394666977792398 22.604278600487074 8.791356595690024 -43.8390496393118
62393.31116156049 0.2861219078287547 -0.6247195677563322 y 0.5706212164464373 54.88694836076745 0.014425084645365452 22.601247702344565 8.791356595690024 -43.8390496393118
62393.31032822716 0.2861344589889803 -0.6247128956317881 y 0.5701328485084523 54.98940322132866 0.014404737003746488 22.603272505354546 8.791356595690024 -43.8390496393118
62393.31616156043 0.2860465997007535 -0.6247595974703315 y 0.6106545310768905 50.66766440892236 0.015660601314982293 22.514402202635043 8.791356595690024 -43.8390496393118
62393.31574489377 0.2860528754529741 -0.6247562617858646 y 0.6103709151375069 50.71801226115642 0.01564709434568057 22.515480550036596 8.791356595690024 -43.8390496393118
62393.30866156051 0.2861595611319567 -0.6246995511533423 y 0.5691755703980205 55.1923264994786 0.01436486734626176 22.607271741880197 8.791356595690024 -43.8390496393118
62393.31532822711 0.2860591511967861 -0.6247529261471083 y 0.6100890953851822 50.76761169008834 0.01563378556019931 22.51654182153334 8.791356595690024 -43.8390496393118
62393.31491156045 0.28606542692449655 -0.6247495904628203 y 0.6196426076883715 49.93673106388986 0.015936505397031092 22.49862526254326 8.791356595690024 -43.8390496393118
62393.314494893784 0.2860717026477343 -0.624746254766814 y 0.619359461468759 49.98517196790283 0.015922735553052254 22.499677965620414 8.791356595690024 -43.8390496393118
62393.310744893824 0.2861281834092253 -0.6247162316254944 y 0.5703762185012691 54.9382583904519 0.014414876093345455 22.602262208259862 8.791356595690024 -43.8390496393118
62393.31407822712 0.28607797833859006 -0.6247429189677578 y 0.619078129165093 50.03346294848224 0.015909057133551417 22.500726395647405 8.791356595690024 -43.8390496393118
62393.31366156046 0.2860842540333818 -0.624739583226041 y 0.6187986062045283 50.08160382011803 0.015895469617501552 22.501770559987083 8.791356595690024 -43.8390496393118
62393.30824489385 0.28616583662190076 -0.624696214873565 y 0.5681802921662554 55.34720152514487 0.014331278147159338 22.6103141564013 8.791356595690024 -43.8390496393118
62393.3132448938 0.28609052968308907 -0.624736247346924 y 0.6185208880501208 50.12959439722525 0.015881972488365013 22.502810465944954 8.791356595690024 -43.8390496393118
62393.312828227135 0.2860968053530128 -0.6247329115478678 y 0.6182449702005799 50.17743449415149 0.015868565234053347 22.503846120769634 8.791356595690024 -43.8390496393118
62393.32627730108 0.2858942339666342 -0.6248405696225741 z 0.622898879438822 107.58746476777637 0.011555111316358294 23.331979173542653 8.791356595690024 -43.8390496393118
60496.40179429427 0.9362944354606639 0.21992337402819923 y 0.8782440588353541 35.5081829958326 0.026678631640728135 22.12839611267144 8.828798937178442 -43.802989314677326
60496.401377627604 0.9362948972105909 0.21992869677955945 y 0.8784072648967551 35.494225701444655 0.026691911870444243 22.127969255602483 8.828798937178442 -43.802989314677326
60496.40096096094 0.9362953589068461 0.21993401956526965 y 0.8785727345129171 35.48015134947113 0.026705338537503506 22.127538648548743 8.828798937178442 -43.802989314677326
60496.40054429428 0.9362958205491609 0.21993934236242987 y 0.8787404701060498 35.46595999860579 0.026718912007366633 22.127104288910374 8.828798937178442 -43.802989314677326
60496.40012762762 0.936296282162493 0.21994466512532954 y 0.8789104741329619 35.45165170762423 0.026732632650062774 22.1266661740505 8.828798937178442 -43.802989314677326
60496.399710960955 0.9362967437133869 0.21994998786515033 y 0.8790827490851612 35.43722653538257 0.026746500840211546 22.126224301295082 8.828798937178442 -43.802989314677326
60496.39929429429 0.9362972052395918 0.21995531063950002 y 0.9264602095131578 33.510542048664995 0.029399781070931493 22.065528621180256 8.828798937178442 -43.802989314677326
60496.39887762763 0.9362976667074732 0.21996063328781026 y 0.9266471234477168 33.49501127335361 0.02941708414865976 22.065025309902026 8.828798937178442 -43.802989314677326
60496.39846096097 0.9362981281260659 0.2199659560736994 y 0.9268364460076097 33.47937148648625 0.029434557054608103 22.06451822995756 8.828798937178442 -43.802989314677326
60496.39804429431 0.9362985895031525 0.21997127876780964 y 0.9270281799742579 33.46362276052094 0.02945220025436289 22.064007378524423 8.828798937178442 -43.802989314677326
60496.397627627644 0.9362990508258514 0.219976601461741 y 0.9272223281662803 33.44776516797895 0.029470014218839182 22.06349275274252 8.828798937178442 -43.802989314677326
60496.39721096098 0.9362995121199252 0.21998192415603013 y 0.92741889343962 33.43179878144386 0.029487999424308655 22.062974349713972 8.828798937178442 -43.802989314677326
60496.39679429432 0.9362999733598802 0.2199872468615009 y 0.9276178786876363 33.4157236735627 0.029506156352425247 22.062452166503064 8.828798937178442 -43.802989314677326
60496.39637762766 0.9363004345463422 0.2199925695329795 y 0.9278192868412334 33.399539917043334 0.02952448549025515 22.061926200136057 8.828798937178442 -43.802989314677326
60496.395960960996 0.9363008956992592 0.21999789220401086 y 0.9035565732878091 34.34240031867744 0.028146552005829467 22.09215160503447 8.828798937178442 -43.802989314677326
60496.39554429433 0.936301356798236 0.2200032147837106 y 0.9037570754561772 34.32552826168935 0.028164101477287134 22.09161806328163 8.828798937178442 -43.802989314677326
60496.39512762767 0.9363018178557064 0.22000853744347088 y 0.9039599416277003 34.30854465918881 0.028181814298634457 22.091080729222504 8.828798937178442 -43.802989314677326
60496.39471096101 0.9363022788633516 0.22001386000009165 y 0.9041651747984996 34.29144958622448 0.028199690951826232 22.09053959973033 8.828798937178442 -43.802989314677326
60496.39429429435 0.936302739822066 0.22001918272864138 y 0.9043753725410852 34.27411025924509 0.028217898355505526 22.089990462947625 8.828798937178442 -43.802989314677326
60496.3938724503 0.9363032064678507 0.22002457146749635 y 0.9052904069709403 34.22065971262303 0.028281451793053237 22.088295933410976 8.828798937178442 -43.802989314677326
60521.311290989914 0.8290801405409085 -0.10717106395453951 y 0.9546580906432794 32.009316855913575 0.03145621967774808 22.0157660029432 8.833786011419257 -43.78814282691532
60521.315457656536 0.8290494049264865 -0.10722576323347287 y 1.0212593882637475 29.900093033724275 0.03558951567477476 21.941756338229407 8.833786011419257 -43.78814282691532
60521.31504098987 0.8290524786725957 -0.1072202933183445 y 1.021565918938887 29.88171650605905 0.03561952034131585 21.94108884214035 8.833786011419257 -43.78814282691532
60521.31462432321 0.8290555523649435 -0.1072148234143083 y 1.0218752368877706 29.863243925971645 0.03564975933025623 21.94041744326452 8.833786011419257 -43.78814282691532
60521.31420765655 0.8290586260367172 -0.10720935349909047 y 1.0221873467895917 29.844675366893448 0.03568023347925792 21.939742137283332 8.833786011419257 -43.78814282691532
60521.31379098989 0.8290616996541034 -0.10720388360677263 y 1.02250225337014 29.82601090229202 0.03571094363399112 21.939062919835433 8.833786011419257 -43.78814282691532
60521.311707656576 0.8290770671467972 -0.10717653388138625 y 0.9543501145142418 32.03004269874555 0.03142880712842966 22.01646878319831 8.833786011419257 -43.78814282691532
60521.31212432324 0.8290739937239716 -0.10718200383095408 y 0.9540447615852732 32.05066569639897 0.031401600847388064 22.01716762491017 8.833786011419257 -43.78814282691532
60521.3125409899 0.8290709202798561 -0.10718747382641133 y 0.953742027206342 32.071185769507025 0.03137460005983755 22.017862532700537 8.833786011419257 -43.78814282691532
60521.31004098993 0.8290893604170441 -0.10715465405985715 y 0.9555978054006368 31.946523050525414 0.03153970279234635 22.013633984039163 8.833786011419257 -43.78814282691532
60521.31045765659 0.8290862871556813 -0.10716012403232497 y 0.9552819313246685 31.967556952351543 0.03151166671668448 22.014348608095816 8.833786011419257 -43.78814282691532
60521.31087432325 0.8290832138690927 -0.10716559400497169 y 0.9549686946669756 31.98848824730363 0.03148383927738485 22.015059279479026 8.833786011419257 -43.78814282691532
