data_presto_bad_parallax_0_-20.csv
# %ECSV 0.9
# ---
# datatype:
# - {name: MJD, datatype: float64}
# - {name: ra_pi_amp, datatype: float64}
# - {name: dec_pi_amp, datatype: float64}
# - {name: filter, datatype: string}
# - {name: seeingFWHM, datatype: float64}
# - {name: snr, datatype: float64}
# - {name: position_errors, datatype: float64}
# - {name: fiveSigmaDepth, datatype: float64}
# - {name: fieldRA, datatype: float64}
# - {name: fieldDec, datatype: float64}
# schema: astropy-2.0
MJD ra_pi_amp dec_pi_amp filter seeingFWHM snr position_errors fiveSigmaDepth fieldRA fieldDec
[from data line 275]
63052.34714872025 0.9104170699249728 0.2928315616150483 y 1.0542178190853506 24.568977704612177 0.0440583568776205 21.72854270469039 0.2597875655279972 -20.08562293774205
61291.36579888282 0.24587028886919007 -0.22958576291289662 y 0.9957053597623869 26.501296497987497 0.03887996077275701 21.810742791751828 0.46539807495584495 -19.628784050289546
61626.38637976066 0.6488860929204716 0.014643894126294136 z 0.6122125173047585 112.23024590453532 0.011391079285135114 23.37784977538329 0.10793480549676193 -19.830329443688413
63488.116670246454 0.15914011168641323 -0.26538181953022205 z 0.6740190979731308 92.15494388256488 0.012389279756570415 23.163871586645698 0.37688085633015656 -19.38024488403479
63841.12487393891 0.3481848663138181 -0.17913024164264485 z 0.7863143792522341 75.6514393143377 0.0144233629977168 22.949617977041715 0.5165592251181593 -19.88827837569234
61994.19820508318 0.6271349995550188 0.0015190758111929474 z 1.1821344531411628 42.19015751842797 0.029750219452702058 22.315602856256298 0.8219567396530022 -19.323281471335193
63119.35693907316 0.2163051110815796 -0.25261092584137973 y 0.9430997476082054 28.24307481556458 0.03485745545334496 21.879854930337675 0.6141451860097695 -20.1192980257762
63555.16184867654 -0.7602284486168891 -0.48890464583504134 y 0.7285876991782926 34.28187675444726 0.023487949579702412 22.090236462325024 0.08173280852521671 -19.67717771890601
60223.07880765757 -0.180904308189604 -0.39930176644058774 z 0.7235750865632724 92.09611769666057 0.012717245583970596 23.163178296507265 0.7136916799448024 -19.281665601137153
61296.05443005947 0.1734942412123283 -0.26902663056075465 y 0.9280373228305736 25.06740155162371 0.0383484654490228 21.75034828413944 0.44308124217019934 -19.903275189784328
62761.11532257757 0.09730159720685165 -0.2991907499749598 y 0.8523055116530696 34.68493059573416 0.02652964384719637 22.10292706370163 0.006696979253056003 -19.826363421151797
61546.41577174757 0.8060221114461901 0.5021805522841308 y 0.8186973601044081 30.32759670563934 0.02878779159333781 21.957169979754173 0.13864684517646061 -20.096929838537278
61277.36682865875 0.4458509968180506 -0.10761448699815523 z 0.851398038181944 60.318796989665834 0.017298334929004965 22.703706667386868 0.20861982422145584 -18.942582840552486
63496.085612933464 0.043317014687288165 -0.312596467313525 z 0.8288024901272092 45.31822836716651 0.02084392691553007 22.39325729810687 0.8784893539415405 -18.93703796695079
61260.187823418586 0.663114823836814 0.038988589841849254 y 0.9154110235597213 29.05296006270069 0.03305717063614815 21.910550956914395 0.30238036600838863 -18.76559745210988
62016.33452879218 0.3197301515731447 -0.17569187285742077 z 0.9022913771516321 41.66502478759963 0.02385321117592964 22.302004100496845 0.08381446525445195 -18.80369838881292
61260.40020753668 0.6607501355505896 0.0372071908529634 y 0.8414098428379423 35.52954033004859 0.025706733537516596 22.129048961062644 0.30238036600838863 -18.76559745210988
61277.1195971816 0.4492689307756422 -0.10558212106932544 z 1.103202669153511 38.768019226445496 0.03016244635908099 22.22375901959903 0.20861982422145584 -18.942582840552486
62344.20671845902 0.7742778005523682 0.13402669158939295 z 0.9159192084719149 35.74816734325849 0.02750377672950121 22.135709444844572 0.17176982020254764 -18.655733378901243
60546.1309060597 0.466240177848151 -0.0973264671223336 z 0.8767510655553764 58.8513760827255 0.017942740345728497 22.676966544455542 0.935603544882232 -18.87220881499346
62753.07935298467 0.2232094438010298 -0.2275465906876545 y 0.967397288571092 21.866018676716948 0.04535811026300675 21.601999275956658 0.09024752587019264 -19.002832725971864
62009.14279143319 0.4368450506311058 -0.1133711717396064 z 1.0996094172009605 53.37426652267972 0.022900585778376878 22.570904788992465 0.9386605235276837 -18.633484415022917
63496.22895737677 0.041063715348559335 -0.313536643520643 z 0.7106847619741373 60.67630769361638 0.015400904886056449 22.71012285166995 0.8784893539415405 -18.93703796695079
63496.28391625443 0.040199720108785454 -0.3138966147387065 y 0.8292678617037091 28.617405730921163 0.030654684086130576 21.89415064135207 0.8784893539415405 -18.93703796695079
62000.38800696291 0.5455571562989965 -0.04934944120875856 y 0.8978702376206436 32.28307589562649 0.029555546235286428 22.025012256953605 0.3896616687502812 -19.112101394878543
61323.01720134998 -0.24102654687819525 -0.411287612441379 y 1.1869239379244445 22.135998387038455 0.05454414919451739 21.615322775378946 0.7822285664502322 -18.677441115644058
62009.151315429466 0.4367264656330621 -0.11344110570987635 z 1.1013802385281684 54.42097629188045 0.022573944739116815 22.59199081064385 0.9386605235276837 -18.633484415022917
62753.33019918042 0.21937761182217866 -0.22942195789241215 y 0.8225963116140923 30.735341659009514 0.028571035698531064 21.971670102087796 0.09024752587019264 -19.002832725971864
60563.283577686714 0.22721469784245252 -0.25185192720693 z 0.6933170721981966 99.174003168082 0.012201348245170877 23.243569598973316 1.5920257695472606 -20.042057088286516
63842.11226368251 0.35101823347296485 -0.18138206267487408 z 1.1236918101451598 49.67844078506947 0.02473121437052384 22.492994880538035 1.5768764473599945 -19.66921559439675
62725.29675512889 0.6263224231111303 -0.008735460710107647 y 0.7283575647962172 36.791277260740486 0.022179312597453555 22.1669371522457 1.5070981113559354 -19.81098561885493
61999.221116328335 0.5777334957822632 -0.03759413948777892 y 0.6593147359398286 46.92549881879059 0.01724556096668445 22.43109723384769 1.6272131534211012 -19.25169765913584
62725.27382405584 0.6265888327722153 -0.00853743481817323 y 0.700327127377057 38.03540015509861 0.020952815276799795 22.203044963290175 1.5070981113559354 -19.81098561885493
60586.07442310767 -0.1286539663457737 -0.3891840108053328 y 0.673122308749067 44.58164496586568 0.01810991436002341 22.37546521156729 1.6006808220422384 -19.34817494002254
63131.28248635434 0.0513105053513205 -0.3276882730394598 y 0.9655643424803665 30.75505185669509 0.03294943700406314 21.972366148241985 1.8017290688077965 -19.62418702987694
63475.37452994423 0.3673135432836326 -0.17036113002359268 y 0.9556139137396953 28.75160000717362 0.034708661695374815 21.899230033893772 1.357840388427429 -19.63617119476885
63852.05988930054 0.1923631052943354 -0.2581349717587625 z 1.066055268898437 49.88813296911858 0.02359301856115697 22.497568116797957 1.02715846736668 -19.620674705903355
63131.075049653766 0.054573006144609276 -0.32632018061151175 y 0.8232043095764754 33.14189275657497 0.026776205512957053 22.0535182582897 1.8017290688077965 -19.62418702987694
63480.122764053085 0.3033725320392715 -0.20315149697483162 y 0.6858362404254449 40.804822858505176 0.01955759747443614 22.27935373126275 1.7070348453702369 -19.36294341538066
63842.37869479147 0.34713007728037887 -0.183521637221665 z 1.1690781441614253 50.708814204155516 0.02513007537164496 22.515283626522873 1.5768764473599945 -19.66921559439675
63127.33905914432 0.10155125660453798 -0.2875712814491015 y 0.88488622983314 30.05124328468069 0.031097615087049772 21.94723110018211 1.1287941443595713 -18.7944380168829
62841.03873149487 -0.8625316617641332 -0.4513092025309325 y 0.9446123375860007 27.507700698038967 0.03576632977916683 21.851210714871808 1.3195106875420481 -19.061528751129966
62996.42976118451 0.6873773784675324 0.5056565513354316 z 1.1825789367934831 29.961341574158673 0.040717238448060585 21.943978128651892 1.1372856240393396 -19.074395327390963
62785.29610328425 -0.2593282375941735 -0.41908080061999514 z 1.5891247673729074 17.629655900467665 0.09069229647686768 21.368184578475116 1.1711122182335798 -18.621854606243126
62042.08016480209 -0.05991067609825787 -0.3510187968333843 z 0.7618704379552479 71.03031820158597 0.014664475713727483 22.881184389731523 1.172893371852024 -18.55107540649647
60302.035656160646 -0.9007221163434228 -0.36247363863706905 z 0.6729779253465813 58.87440981364935 0.015187552808087573 22.677391405597447 1.2721977312991697 -18.930449823885375
60302.04914016439 -0.9007203135523314 -0.36239435091103855 y 0.567274486713109 45.703939928370225 0.01593914096412467 22.40245908973915 1.2721977312991697 -18.930449823885375
62996.41806084672 0.6872529333276439 0.5056549053762891 y 1.02635850237055 21.297977505239103 0.049217036439695355 21.573420899163104 1.1372856240393396 -19.074395327390963
62841.17536670642 -0.8631845328462977 -0.4508097791965871 y 1.0322658009986168 17.37603883079124 0.0602431960815166 21.352451935264064 1.3195106875420481 -19.061528751129966
62841.153002543295 -0.8630780120168559 -0.450891700965232 y 1.1709573990109066 17.303854495551864 0.06840520761169062 21.3479321255501 1.3195106875420481 -19.061528751129966
63510.016466040375 -0.16690255816869123 -0.3945032721355839 y 0.9569189032025183 26.35976133598035 0.03765440297768403 21.80492867364091 1.3492346884189408 -18.917309806074144
62130.053885988505 -0.9012360537341227 -0.35358450901288163 z 1.0373021846674395 49.26969985409953 0.02330776799806859 22.484024780675043 0.9563247930928463 -18.893343859275898
63858.35614221346 0.09708540311247084 -0.29401065943528354 y 2.7151961493577037 8.780765444366184 0.3093825494353931 20.611405929772207 1.1745045019784228 -19.093320341749386
62042.30067162133 -0.06337523437558833 -0.35232442857528556 z 1.0701721332352894 50.616433266141165 0.02338839804456663 22.513303836503553 1.172893371852024 -18.55107540649647
63855.05197864314 0.1482033802974175 -0.2716646139443499 z 0.9680445189135204 55.25066626662657 0.02017384236641544 22.608418788001906 1.149112763133008 -19.138186446877953
63789.29570087837 0.8955910929461428 0.2585100604222523 z 1.271613558434686 37.05982596428369 0.035739956230136365 22.174833427930647 2.048630798533622 -19.887542131580943
61367.16996671076 -0.7830607939347067 -0.4745757804840495 z 0.7890566923445423 48.63692455798899 0.01905778007518886 22.46999025300616 0.22665488454175917 -18.276431616951523
63839.12084720626 0.37554114860065047 -0.13628499245948125 y 0.9803681043277981 26.39993754658751 0.03845811092814125 21.806582237849256 0.404940913742895 -18.217750486149036
60930.32326719177 0.17546805801582807 -0.23809461888152944 z 0.7118814761369104 78.55162081321537 0.013495577669111388 22.99046286562264 0.10666179357337587 -18.29497797504731
60930.11948243457 0.1786179605891678 -0.23661635201914932 z 0.6234860754891527 104.26448094956831 0.01165155009781752 23.297915953064393 0.10666179357337587 -18.29497797504731
