data_base20_ddf_parallax_9.45_-44.csv
# %ECSV 0.9
# ---
# datatype:
# - {name: MJD, datatype: float64}
# - {name: ra_pi_amp, datatype: float64}
# - {name: dec_pi_amp, datatype: float64}
# - {name: filter, datatype: string}
# - {name: seeingFWHM, datatype: float64}
# - {name: snr, datatype: float64}
# - {name: position_errors, datatype: float64}
# - {name: fiveSigmaDepth, datatype: float64}
# - {name: fieldRA, datatype: float64}
# - {name: fieldDec, datatype: float64}
# schema: astropy-2.0
MJD ra_pi_amp dec_pi_amp filter seeingFWHM snr position_errors fiveSigmaDepth fieldRA fieldDec
[from data line 3238]
60905.289088558384 0.6653169995940319 -0.3407373185263801 y 0.9037849004096679 35.231180251893626 0.02753317242692672 22.11989297011184 9.738770413687776 -44.05402284510386
60905.28867189172 0.6653216491677845 -0.3407323048862017 y 0.903929285969778 35.21883192602679 0.027545372714651472 22.119512359117333 9.738770413687776 -44.05402284510386
60905.28825522506 0.665326298699852 -0.3407272913376233 y 0.9040759783314887 35.206367574100994 0.02755772229778989 22.119128036505767 9.738770413687776 -44.05402284510386
60905.2878385584 0.6653309482072305 -0.34072227776632386 y 0.9042249796201811 35.19378725088397 0.027570221504440853 22.11874000007137 9.738770413687776 -44.05402284510386
60905.287421891735 0.6653355976736395 -0.34071726408034547 y 0.9043762919957722 35.18109101123053 0.02758287066721659 22.11834824757258 9.738770413687776 -44.05402284510386
60905.28700522507 0.6653402470992578 -0.3407122503025882 y 0.9045299176527946 35.16827891008258 0.0275956701232611 22.117952776731983 9.738770413687776 -44.05402284510386
60905.28658855841 0.665344896500008 -0.34070723663950986 y 0.9064491669887742 35.08280166896067 0.027705096971129106 22.11531065990183 9.738770413687776 -44.05402284510386
60905.28617189175 0.6653495458961068 -0.3407022230223209 y 0.9066077532020825 35.06978492791133 0.027718258123411794 22.11490774540151 9.738770413687776 -44.05402284510386
60905.285755225086 0.6653541952184964 -0.34069720924474256 y 0.9067686642867624 35.056652729471985 0.027731571297114083 22.114501105511145 9.738770413687776 -44.05402284510386
60905.285338558424 0.6653588445242475 -0.3406921955587642 y 0.9069319025815035 35.04340512881551 0.027745036849120604 22.114090737809047 9.738770413687776 -44.05402284510386
60905.28492189176 0.6653634937935019 -0.3406871817695569 y 0.9070974704601118 35.03004218119937 0.02775865514096467 22.11367663983722 9.738770413687776 -44.05402284510386
60905.2845052251 0.6653681430246491 -0.34068216803786805 y 0.9072653703316077 35.01656394196621 0.027772426538848385 22.113258809101303 9.738770413687776 -44.05402284510386
60905.28408855844 0.6653727922359378 -0.34067715426028966 y 0.9074356046403202 35.00297046654292 0.027786351413663958 22.112837243070462 9.738770413687776 -44.05402284510386
60905.283671891775 0.6653774413937336 -0.34067214037966137 y 0.9076081758659752 34.989261810440404 0.027800430141014607 22.112411939177296 9.738770413687776 -44.05402284510386
60905.28325522511 0.665382090538827 -0.34066712655628306 y 0.8889048301415904 35.76438709779265 0.026790755888524864 22.136201956269165 9.738770413687776 -44.05402284510386
60905.28283855845 0.6653867396429508 -0.34066211270991525 y 0.8890781726551149 35.75013382531281 0.026804447816370126 22.13576916880243 9.738770413687776 -44.05402284510386
60905.28242189179 0.6653913887261427 -0.3406570988979869 y 0.889253808017801 35.735762944797216 0.026818287320484413 22.13533263555083 9.738770413687776 -44.05402284510386
60905.282005225126 0.665396037764429 -0.34065208502889804 y 0.8894344435136806 35.72112778463635 0.026832439949947884 22.134887894020405 9.738770413687776 -44.05402284510386
60905.28158226596 0.6654007569872602 -0.34064699541593313 y 0.8902217147197038 35.67355848730821 0.026883737163666387 22.133441071611518 9.738770413687776 -44.05402284510386
63813.33093507671 0.7987963162146651 -0.16479092003385434 z 0.570384162441081 126.50194124208932 0.010969509916760609 23.50781796428853 9.841487204854383 -44.00344485338652
63813.33301841002 0.7987791536494302 -0.16481808469338885 z 0.5724786864630668 126.07596906245158 0.01098263880375743 23.504155776604883 9.841487204854383 -44.00344485338652
63813.33343507668 0.7987757210108626 -0.1648235175521231 z 0.572410467852668 126.10758330379598 0.01098194461342881 23.504427996789516 9.841487204854383 -44.00344485338652
63813.333851743344 0.798772288351542 -0.16482895046810736 z 0.5703789764834628 126.61246203689528 0.01096787589485367 23.50876612396946 9.841487204854383 -44.00344485338652
63813.334268410006 0.7987688556312142 -0.1648343832693233 z 0.5703137957297432 126.63902105818495 0.010967276512520628 23.5089938508971 9.841487204854383 -44.00344485338652
63813.33468507667 0.7987654228765366 -0.16483981623110752 z 0.5746835928897361 125.59079138336469 0.010997196378048517 23.499969481810897 9.841487204854383 -44.00344485338652
63813.330518410046 0.7987997486306733 -0.16478548710615173 z 0.5603183158097204 128.9898384551074 0.010902725524915056 23.52896373628991 9.841487204854383 -44.00344485338652
63813.335935076655 0.7987551243951325 -0.1648561147844103 z 0.6149036153595238 116.64628646079579 0.011304377813922484 23.419752282148195 9.841487204854383 -44.00344485338652
63813.33551840999 0.7987585572525023 -0.16485068193712604 z 0.597455818374182 120.3675461657588 0.011164106813242924 23.45384850669165 9.841487204854383 -44.00344485338652
63813.30211790203 0.7990336129266151 -0.16441515078943952 y 0.6151533781843821 52.52907787128348 0.015399382702206917 22.55357443163373 9.841487204854383 -44.00344485338652
63813.330101743384 0.7988031809840643 -0.1647800541445464 z 0.560394447346927 128.953362864804 0.010903450419288217 23.52865666970282 9.841487204854383 -44.00344485338652
63813.30170123537 0.7990370426098312 -0.1644097172666949 y 0.6153421120169251 52.49252361269769 0.015408320416907826 22.552818619819273 9.841487204854383 -44.00344485338652
63813.32968507672 0.7988066133090095 -0.16477462115986216 z 0.5585728138357807 129.3998210629358 0.010891896326692118 23.53240917861157 9.841487204854383 -44.00344485338652
63813.301284568704 0.7990404722728308 -0.16440428368678972 y 0.6021271538621461 53.733790877084296 0.015018945338827876 22.57819369112716 9.841487204854383 -44.00344485338652
63813.30086790204 0.7990439018825164 -0.1643988500837162 y 0.6023145844886738 53.69576941868214 0.015027471751885634 22.577425163813917 9.841487204854383 -44.00344485338652
63813.30045123538 0.7990473314623247 -0.1643934166066821 y 0.5763241787547388 56.33669601050279 0.014305691859588814 22.629553422262745 9.841487204854383 -44.00344485338652
63813.30003456872 0.7990507609932915 -0.1643879830152375 y 0.5765057417452444 56.29642453323904 0.014313233140077116 22.628777021812567 9.841487204854383 -44.00344485338652
63813.299617902056 0.7990541905194278 -0.16438254951557177 y 0.581989953165187 55.69328803400174 0.014463770553987971 22.61708213573701 9.841487204854383 -44.00344485338652
63813.32926841006 0.798810045596384 -0.1647691882326963 z 0.5516282137655766 131.18083835773524 0.010848172421106379 23.547250994379972 9.841487204854383 -44.00344485338652
63813.29920123539 0.7990576199557534 -0.16437711586678772 y 0.5846111906768114 55.398662251190636 0.014538282544332481 22.611323183294175 9.841487204854383 -44.00344485338652
63813.32884321783 0.7988135480523809 -0.16476364402963053 z 0.5519750512552838 131.06427945228495 0.010850649442719015 23.546285849762413 9.841487204854383 -44.00344485338652
63813.33135174337 0.7987928837948998 -0.16479635305253076 z 0.5703093039735913 126.5369720575039 0.010968753795709019 23.508118583859844 9.841487204854383 -44.00344485338652
63813.29878456873 0.7990610493831336 -0.16437168230960364 y 0.5848000872819672 55.35845736005611 0.014546324470314257 22.610534937662948 9.841487204854383 -44.00344485338652
63813.29836790207 0.7990644787530848 -0.16436624869525904 y 0.5791684270294339 55.92901987164663 0.014395648637794035 22.62166801065842 9.841487204854383 -44.00344485338652
63813.29795123541 0.7990679081017462 -0.1643608150924539 y 0.5793583451818685 55.88802234920166 0.014403559535741645 22.620871844071747 9.841487204854383 -44.00344485338652
63813.297534568745 0.7990713374015663 -0.1643553814666593 y 0.5747621908132604 56.35831367830135 0.014283083741193492 22.629969963952462 9.841487204854383 -44.00344485338652
63813.33926840995 0.7987276600346138 -0.16489957724172674 z 0.5552576851845731 130.55626729672994 0.010866836315604875 23.542069301101876 9.841487204854383 -44.00344485338652
63813.33885174329 0.7987310932141939 -0.1648941444861319 z 0.5553049078657819 130.53351126076453 0.010867268128148467 23.541880040133304 9.841487204854383 -44.00344485338652
63813.33843507663 0.7987345263638964 -0.16488871175325814 z 0.5776472868087926 124.9751530890394 0.011016523097995211 23.494634182701205 9.841487204854383 -44.00344485338652
63813.33510174333 0.7987619900934128 -0.16484524904413125 z 0.5746206548024245 125.61639314465165 0.010996599932936061 23.500190787258695 9.841487204854383 -44.00344485338652
63813.29711790208 0.7990747666722247 -0.16434994786358578 y 0.5749534538889957 56.31658958955792 0.014290905718272984 22.62916585665765 9.841487204854383 -44.00344485338652
63813.29670123542 0.7990781958929682 -0.16434451424942007 y 0.6012231262107641 53.602792861697324 0.015026796038522628 22.575543534885576 9.841487204854383 -44.00344485338652
63813.33176841003 0.798789451313054 -0.16480178591135447 z 0.5816622192815943 123.84111275708447 0.011048091726972926 23.4847371032824 9.841487204854383 -44.00344485338652
63813.29628456876 0.7990816250693429 -0.16433908053193605 y 0.5758170717712091 56.18146557990224 0.014319456290191638 22.62655764979138 9.841487204854383 -44.00344485338652
63813.332185076695 0.7987860188024044 -0.16480721887304925 z 0.5815885594990791 123.8746717904863 0.011047298119080265 23.48503128120772 9.841487204854383 -44.00344485338652
63813.295867902096 0.7990850542201342 -0.16433364691759145 y 0.5760131379367167 56.13925458344835 0.01432747408714719 22.62574159360549 9.841487204854383 -44.00344485338652
63813.29545123543 0.7990884833261988 -0.16432821320028632 y 0.5903071260334211 54.627889010415416 0.014723073966487714 22.596111035072003 9.841487204854383 -44.00344485338652
63813.29503456877 0.7990919124025649 -0.16432277958594171 y 0.5905116489267417 54.58644347652768 0.014731847872002504 22.595286987205704 9.841487204854383 -44.00344485338652
63813.29461790211 0.7990953414256171 -0.16431734587999713 y 0.5843319298849851 55.19910755112842 0.014562319962592137 22.607405129644476 9.841487204854383 -44.00344485338652
63813.294198505755 0.7990987928817177 -0.16431187665464161 y 0.5854015418718916 55.042274760077625 0.014598412223837507 22.604315923928038 9.841487204854383 -44.00344485338652
63813.33260174336 0.7987825862345048 -0.16481265177749405 z 0.5671679578422166 127.35893224640893 0.010946776265294762 23.51514851257177 9.841487204854383 -44.00344485338652
63813.338018409966 0.7987379594692303 -0.16488327891742388 z 0.576204190649194 125.30904153895011 0.011006545407151904 23.49753100959839 9.841487204854383 -44.00344485338652
63813.33635174332 0.7987516914885634 -0.1648615475973446 z 0.6148403282759399 116.66903072551108 0.011303645713249731 23.41996396367882 9.841487204854383 -44.00344485338652
63813.337601743304 0.7987413925412875 -0.16487784605877906 z 0.576257557275466 125.2860919622886 0.011007075313843059 23.497332145510434 9.841487204854383 -44.00344485338652
63813.33718507664 0.798744825559673 -0.1648724132458448 z 0.5808153532526593 124.1961248316394 0.011039500404194843 23.487845102141165 9.841487204854383 -44.00344485338652
63813.33676840998 0.7987482585401303 -0.1648669804788894 z 0.5808720011740445 124.17264635541841 0.011040068318163876 23.48763983131247 9.841487204854383 -44.00344485338652
62339.414472767196 0.8852770311894275 0.002313250379757552 y 0.7295000370320328 44.353400250651724 0.019248854304392517 22.369892288220207 9.80366045634927 -43.94620510055487
62339.41405610053 0.885279183944842 0.0023188077432529128 y 0.7056952490342178 45.97833175373146 0.01831868805081623 22.408958013099642 9.80366045634927 -43.94620510055487
62339.41363049109 0.8852813828466065 0.0023244845448857614 y 0.7052700134523602 46.0242640155133 0.018298117613538112 22.410042119984006 9.80366045634927 -43.94620510055487
62339.376458263774 0.8854732592752236 0.0028202832119613133 z 0.7873774230661755 89.42776230439831 0.013323712890094559 23.131255898674855 9.80366045634927 -43.94620510055487
62339.37688206486 0.8854710736361335 0.0028146306621374246 z 0.7871730949080155 89.46136743381493 0.013320018666417209 23.13166381956033 9.80366045634927 -43.94620510055487
62339.377298731524 0.8854689247300647 0.0028090732413026264 z 0.7553152599967462 93.5206881386028 0.012854145696131764 23.17984422357613 9.80366045634927 -43.94620510055487
62339.37771539819 0.8854667757864256 0.002803515797836194 z 0.7552625400751081 93.5346782961652 0.012853032615755128 23.180006631326236 9.80366045634927 -43.94620510055487
62339.37813206485 0.8854646267889357 0.0027979583425619525 z 0.7426821322910317 95.24544217065811 0.012680771089293533 23.199685494976773 9.80366045634927 -43.94620510055487
62339.37854873151 0.8854624777587061 0.0027924009335349637 z 0.742634024468682 95.25846616811702 0.01267980504410228 23.199833949942523 9.80366045634927 -43.94620510055487
62339.37896539817 0.8854603286864334 0.0027868433867502002 z 0.8258568581439748 85.0171386064386 0.013941373009938331 23.076341199090265 9.80366045634927 -43.94620510055487
62339.379382064835 0.8854581795739068 0.002781286023344293 z 0.8455749075459754 82.90765514194275 0.014283540711202003 23.049061569830393 9.80366045634927 -43.94620510055487
62339.3797987315 0.8854560304111075 0.0027757285453489638 z 0.8455259471133654 82.91569429078098 0.014282413047903128 23.049166843243164 9.80366045634927 -43.94620510055487
62339.42155610045 0.8852404279017463 0.0022187737114790175 y 0.7929902025504698 40.248299848230346 0.022094945607102547 22.26444383867578 9.80366045634927 -43.94620510055487
62339.38021539816 0.8854538812073389 0.0027701710674430877 z 0.773978850973104 91.13571114157355 0.013119611305642306 23.151796456091166 9.80366045634927 -43.94620510055487
62339.38063206482 0.8854517319452467 0.002764613635337199 z 0.7739381359777832 91.14401220979357 0.013118821487065132 23.151895345535863 9.80366045634927 -43.94620510055487
62339.381048731484 0.8854495826631171 0.002759056225862945 z 0.7738993369059346 91.15204611990187 0.013118061587213797 23.15199104378799 9.80366045634927 -43.94620510055487
62339.381465398146 0.8854474333301782 0.002753498702067628 z 0.7738624532023948 91.15981284267995 0.013117331582149987 23.152083551342525 9.80366045634927 -43.94620510055487
62339.38188206481 0.8854452839568063 0.002747941270140646 z 0.7738274843394871 91.1673123492149 0.013116631448926807 23.152172868669926 9.80366045634927 -43.94620510055487
62339.38229873147 0.8854431345295838 0.0027423838493058476 z 0.8142685718899494 86.33345367773266 0.013746140658532583 23.093022776025474 9.80366045634927 -43.94620510055487
62339.38271539813 0.8854409850737361 0.0027368263828499687 z 0.8142356850436394 86.3400488465777 0.013745385012741862 23.09310571421217 9.80366045634927 -43.94620510055487
62339.383132064795 0.8854388355756667 0.0027312688819546454 z 0.8142048189135421 86.34639090716911 0.013744664547149475 23.09318546343637 9.80366045634927 -43.94620510055487
62339.38354873146 0.8854366860203474 0.00272571144993821 z 0.8141759730583047 86.35247983329864 0.013743979239930692 23.093262024070743 9.80366045634927 -43.94620510055487
62339.38396539812 0.8854345364396232 0.0027201539260534404 z 0.8141491470655096 86.35831559904774 0.013743329070394607 23.09333539646351 9.80366045634927 -43.94620510055487
62339.38438206478 0.8854323867934194 0.0027145965398369925 z 0.814124340551658 86.36389817879264 0.013742714018982588 23.093405580938505 9.80366045634927 -43.94620510055487
62339.384798731444 0.885430237114297 0.002709039141812735 z 0.8141015531621566 86.36922754720027 0.013742134067267486 23.093472577795144 9.80366045634927 -43.94620510055487
62339.385215398106 0.8854280873972464 0.0027034816753568553 z 0.8140807845713031 86.37430367923105 0.013741589197952408 23.093536387308454 9.80366045634927 -43.94620510055487
