data_presto_bad_parallax_0_-20.csv
# %ECSV 0.9
# ---
# datatype:
# - {name: MJD, datatype: float64}
# - {name: ra_pi_amp, datatype: float64}
# - {name: dec_pi_amp, datatype: float64}
# - {name: filter, datatype: string}
# - {name: seeingFWHM, datatype: float64}
# - {name: snr, datatype: float64}
# - {name: position_errors, datatype: float64}
# - {name: fiveSigmaDepth, datatype: float64}
# - {name: fieldRA, datatype: float64}
# - {name: fieldDec, datatype: float64}
# schema: astropy-2.0
MJD ra_pi_amp dec_pi_amp filter seeingFWHM snr position_errors fiveSigmaDepth fieldRA fieldDec
[from data line 92]
60586.27965529304 -0.18178288781706975 -0.3868338220919327 y 0.773836416487796 35.72826216304542 0.023856023129010674 22.135104720307336 358.6745513199032 -19.30096275719965
61687.04450558844 -0.25497628431103747 -0.42054910101438303 z 0.8523439376346358 66.12530589425383 0.016314034202340656 22.803494224372187 358.9217816487006 -19.762778439511703
61332.16494958548 -0.41356831028301755 -0.4566141809132651 y 0.877333353731397 34.80601230586225 0.027117545535880982 22.10671066265629 358.3918603878632 -19.698054990905767
62997.42705782166 0.7268597709977987 0.49772442631633335 z 0.9522778654409213 44.25837773634069 0.023726619256377337 22.367563716873505 358.5667461351501 -19.35553673346807
62841.15255611649 -0.8768899344596017 -0.43821518929112235 y 1.2044409639286358 16.28293444753144 0.07464242069398566 21.281906675359927 358.4324577824669 -19.877266877633378
62841.17492037977 -0.876977514656481 -0.43812643952688984 y 1.0704198485893954 16.079045777297353 0.06731922209839275 21.26822566829569 358.4324577824669 -19.877266877633378
63081.18210316551 0.6894272580162644 0.061756995858417964 z 0.9946180977610414 33.27376349385771 0.031520301949406436 22.057829802586664 358.2522192116786 -19.596420805551762
63443.19779106617 0.7293609638729678 0.09361940219484428 z 0.9258610334479108 63.15267539222431 0.017746421525239822 22.75355437335856 358.7906228747931 -19.44115989453014
63796.42106697338 0.8341827731529676 0.18555924934538698 z 0.8312246666652148 69.85931749765813 0.015542699922181947 22.86313583518353 358.9469191397761 -20.112373105078277
62049.21905895771 -0.20764423812837773 -0.3975525403072991 y 0.9475894923347525 25.687131896860894 0.03822102581925884 21.77686402844559 359.048513601623 -19.139641913162297
62075.22087429875 -0.5732534889830779 -0.47482165001375953 y 1.0783570791770598 18.038098115080842 0.060612793269970495 21.393051851322703 358.9618072387101 -18.572620236900136
62049.241245043595 -0.20798413071103594 -0.39766143448412744 y 0.9873555079441223 23.76668626107637 0.04273028195246351 21.692496572124455 359.048513601623 -19.139641913162297
63115.10431668384 0.2519800737532197 -0.20130826156544573 z 0.9193512449636917 64.80161434083621 0.017357294508352036 22.78153955208428 358.89640090867334 -18.826050229493895
62014.099802244935 0.33120827535656466 -0.16334487405542503 z 0.9930027435912948 44.94886940326925 0.024249719904303337 22.384371920206455 358.7836121114792 -18.977789838056708
63786.2761016835 0.8920994448094238 0.2724439437194649 y 0.7791578745077884 34.10078302615885 0.024941174221948397 22.084485867728855 358.69147999634083 -18.60710064601444
62821.20342194195 -0.7454009170220715 -0.4837842945246911 z 1.1095565492768886 44.07911842596224 0.027085533686326595 22.36315723946752 358.58723896031853 -19.06648559219566
62004.39937572445 0.4690589956034611 -0.0803065913417626 y 0.9667382582786408 27.95335124490571 0.036000721719887704 21.868659693233333 358.79739774406346 -18.665695083030883
62075.19738046111 -0.5729668106363194 -0.47478538606739884 y 1.1169727971336758 18.788371913024683 0.06028539096282335 21.43729786013722 358.9618072387101 -18.572620236900136
63115.07328224985 0.25244951572460045 -0.20107303117011102 z 1.1673993963283027 45.81742106448732 0.027371494478486948 22.405151589934654 358.89640090867334 -18.826050229493895
62776.01086363551 -0.15965000186300596 -0.37525396247104165 y 1.3351243320949782 17.996111114531363 0.07486051786679922 21.39052165414445 358.6628598403571 -18.924015125793563
63151.028341969795 -0.30382786826485303 -0.41367451096786384 y 1.0555113330966137 26.36536375988183 0.041264055184672604 21.805159408209146 358.9165950113796 -18.395267907851398
63786.29863251956 0.8919942147077131 0.27228844732139157 y 0.8673045564213986 32.484279584725726 0.028510484723278946 22.03175808842738 358.69147999634083 -18.60710064601444
62776.075442269495 -0.16065106337686622 -0.3755970256589105 y 1.2833257943980951 22.650748360187198 0.057532837388945296 21.64028137736439 358.6628598403571 -18.924015125793563
61382.0484271589 -0.8768850253047595 -0.42878013494422107 y 0.6908531349971447 44.60725618404265 0.018435331416278927 22.376088765108783 358.74664179871723 -18.958001445023186
62738.11530669962 0.42116976635629105 -0.11032992863766036 y 0.7614958458196858 32.688067704563885 0.02535144864602715 22.03854811119452 358.7443256974428 -18.859615946089285
61268.43068924722 0.547589265721508 -0.0320168717822396 y 1.0545349437047975 14.482550830693203 0.07349764356122084 21.154687642799036 359.04615831485967 -18.623190551672888
61259.43186975314 0.6671757011408759 0.03444564218579208 z 0.7378503691846873 68.2412959419461 0.014727777066629217 22.837693153517144 359.95727319551645 -19.47996763760837
60594.04355956211 -0.2832700735191042 -0.423922047064854 z 1.078324729565693 55.80745099242777 0.021756580562215272 22.619305455539216 359.65633506417925 -19.269118620299757
61246.27469170353 0.7889724681663218 0.1372884644498474 y 0.8892374347377295 32.52965462411519 0.02910787381181815 22.033273619879402 359.3086031971175 -19.8401651641038
61246.29538308728 0.7887966517745129 0.13711892276249502 y 0.7327606929730807 41.213780856440735 0.020398795517990342 22.290181132955645 359.3086031971175 -19.8401651641038
62050.21369873705 -0.20763791980739463 -0.41635879478898347 z 0.8272229635743179 59.52823486660287 0.0171203827479743 22.689382501726993 359.94913202244265 -19.96953155777218
62734.33087639577 0.48134463334418914 -0.0951433692131883 y 0.9044367466868206 34.06962460622086 0.028367733134082085 22.083493360037014 359.28167371980106 -19.962637382712977
63497.07580671889 0.01006025476169892 -0.33275096170577867 z 0.7594321064449505 68.05822882769068 0.014983776291933789 22.834776595829872 359.8674052796342 -19.763329436672016
62791.29044992264 -0.38082336597139577 -0.4546846714042051 z 1.6111516402490489 29.22069533666511 0.05603683714136936 21.916801354678896 359.13781248071433 -19.709667603472734
63076.42932665657 0.7467337487865541 0.1075864840093894 z 0.8715379275876272 71.65797969536031 0.015745654712057747 22.890736388229833 359.14371851862586 -19.366487608757282
61521.42591852239 0.5543223267366372 0.49175102086875744 z 0.8513706364948265 30.47180067307428 0.029675285310250814 21.962320286127316 359.15469767361924 -19.606940455749697
63076.43808619417 0.7466516269348498 0.10751455797296068 z 0.7866139130960585 61.86459609153697 0.016176325793134886 22.73118044366267 359.14371851862586 -19.366487608757282
63076.43903128801 0.7466427656286045 0.10750679752827312 z 0.9282039187996459 48.29643491883013 0.02166485106325565 22.462362673584117 359.14371851862586 -19.366487608757282
62716.21128372934 0.6992363088447321 0.06150351631792548 y 0.85327213322257 32.73241027134099 0.027920359189209955 22.040019954232793 359.32120800327965 -19.731202947323162
61683.28171394077 -0.18427203444091417 -0.3989832086198912 y 0.7463261273536239 36.64120109758698 0.022690870305907686 22.16249924263643 359.7047581239282 -19.453315992047322
61259.19573489179 0.6697782535407818 0.036447014545009954 z 0.9098804962722067 67.2760094466982 0.016820064073673396 22.822225546362098 359.95727319551645 -19.47996763760837
63436.29016281088 0.7947657599973899 0.15012095837133826 y 0.9137754755994489 26.350046296226296 0.03609135965272642 21.804528445638383 359.1212317558757 -19.55386811556564
61627.17601603581 0.6370540058727784 0.011448096980248212 z 1.0061433592925197 55.789046071552555 0.020621673320536205 22.618947328005703 359.8892678852401 -19.515580369999967
63105.15317461655 0.4075351287885613 -0.13709868941401657 z 0.8932365378141682 65.61100615845453 0.016892141380919927 22.795016733671865 359.4897403582007 -19.764982368007107
62734.356531992555 0.48099975955955143 -0.09535788759865114 y 0.7874076341062065 38.151859735527744 0.0229337964035748 22.206364271046567 359.28167371980106 -19.962637382712977
63497.35670701609 0.00564124298902966 -0.334530930481372 z 0.9767923735097371 41.329310582967466 0.025662884151411616 22.29322039127602 359.8674052796342 -19.763329436672016
63812.22278317877 0.7057707888589297 0.06504608662382302 z 0.7962040856332209 80.13736912659226 0.014096594462431535 23.012162690760576 359.905033206325 -19.65596279744424
62852.054704120936 -0.9020485038723803 -0.3928282854005608 z 0.8934724266537909 70.44618711339103 0.01615115246793442 22.87221871909608 359.46753711931603 -19.779728157019502
62734.18326318715 0.48332713491555684 -0.09390877081774585 z 0.8433120801191133 76.6672027212183 0.014865806717551661 22.964099033863036 359.28167371980106 -19.962637382712977
62791.0415219743 -0.3772562784541092 -0.45384202900227033 z 1.203947881594963 53.85126858493728 0.02449145474200215 22.580564835447774 359.13781248071433 -19.709667603472734
62734.2624507969 0.4822639924900398 -0.0945711462144527 y 0.7107194088223134 45.35513594883703 0.018589027948412756 22.394141171781683 359.28167371980106 -19.962637382712977
63107.34423863474 0.37321299220010584 -0.16112348938005264 z 1.2127050245955575 46.93166790629644 0.027707316499878724 22.431239961396344 359.29754534276384 -20.125112860708878
61298.37480571432 0.11683022541207506 -0.28208301848544887 y 1.6229150019054497 13.824911198493393 0.11781578605995931 21.1042308651184 359.2548730444352 -19.639046266088314
62022.054711147655 0.22012403141387138 -0.22947286015219293 z 1.1889734894551882 42.99181234610769 0.02940822928744456 22.336039372790076 359.28301737987357 -19.329573917213203
63436.3128343496 0.7945799391209156 0.14993846147564507 y 1.0687521162900282 22.892880657197253 0.04774391058314351 21.651826099812062 359.1212317558757 -19.55386811556564
62734.238423837734 0.48258666158202984 -0.09437018678018934 y 0.7203679824724765 44.24384000953203 0.01910748548595285 22.36720702216291 359.28167371980106 -19.962637382712977
61982.28922822705 0.7367373950467968 0.09173884904346773 y 0.7511784526982729 42.2836268051762 0.020386355208519485 22.318005566893305 359.3616599507946 -19.680317292976085
60592.049612043724 -0.2587055096969741 -0.42427196369735964 y 0.9556584433276799 30.500597848837586 0.032889548412386345 21.963345869486467 359.3348917443594 -19.90374090079723
61259.181868880885 0.6699307484093968 0.03656451836904992 z 1.1813541047538512 49.38349406981314 0.025928057703832382 22.48652952582871 359.95727319551645 -19.47996763760837
60904.1816621627 0.5365344209419485 -0.04114390345466392 z 0.9268766220366789 67.89439611494674 0.01692247016571471 22.83215981378642 359.1574635659547 -18.758541974917918
62750.3051989547 0.2555452879121899 -0.20754912931042452 z 0.8119715296892496 82.24373110851818 0.014052442085019745 23.040332000434244 359.51133429549077 -19.01379752667959
63435.26957438134 0.8061364632972057 0.16889050166325473 y 0.8830480366040018 27.908821092399528 0.03318311217924376 21.866928718335753 359.47292671880626 -18.695971634129126
60657.03622455603 -0.8906643397351358 -0.4061219802000613 z 0.7675694578062239 58.179219655870924 0.01655476498492491 22.664494718811994 359.23000747134705 -18.479795380198087
62860.054005324215 -0.9027184943039135 -0.3486491150909108 y 1.1027121099505475 23.981089974659273 0.047057375577232156 21.70224728544381 359.3073470731078 -18.86910232193036
63435.20654584482 0.8066323308959459 0.1693840596209598 z 1.2712652960782416 28.898889497753075 0.045112411606809025 21.904777875094204 359.47292671880626 -18.695971634129126
62843.05092945459 -0.8802828925603472 -0.43353087336225715 z 1.1920033575478695 40.20547600743874 0.031288835512937374 22.26328800979713 359.32184956570916 -18.895822252451836
62860.04184565139 -0.9027314470454062 -0.34872197673672806 y 1.094951550317862 20.193623472113984 0.05513705243839879 21.51561062465062 359.3073470731078 -18.86910232193036
60429.423624510746 0.5912828689597038 0.49515961804502984 z 1.223124522625915 28.9426602794618 0.04342729652831387 21.906421106704222 359.8290505237359 -18.967790820751528
63797.217206405636 0.8310652260050672 0.1966397078397382 z 1.1323579690932744 46.51026045540769 0.026320102267381146 22.42144691803064 359.26697404564203 -18.48477646498487
60222.08006438044 -0.1820356022777178 -0.3835705220623854 y 0.746855679429222 40.68808984430986 0.020902853733587384 22.276243243680845 359.7360704778905 -18.662445327518174
63087.190930153185 0.6348874281292991 0.027264747279288338 z 1.1709712502923493 48.444854580923725 0.02615813236091461 22.465694130667178 359.19160698938026 -18.705564153555894
60573.3063090606 0.03844862497918193 -0.30168265328993843 y 0.7780321376136562 30.393857799436446 0.027482262049397296 21.95953955728306 359.6767327915857 -18.70398450164482
60545.34121300264 0.4567749169087961 -0.09253525942304053 z 0.683781099029678 70.89265789177796 0.013893590312861167 22.879078136983672 359.60571352912154 -18.764486445434844
61276.214250684156 0.44802927971709033 -0.1038226405975014 z 0.951102069906847 58.608729929258196 0.01906168310592926 22.67248076460294 359.32004298384555 -19.161181015322096
62750.1244442174 0.2582773228562734 -0.20617253497749888 z 0.9513391533125145 60.62781674254065 0.018607042116413796 22.709254812199156 359.51133429549077 -19.01379752667959
60222.33366741105 -0.18594118215969427 -0.38486596001270845 y 1.0369304237976795 20.28584759874206 0.05208493647527116 21.52055788526601 359.7360704778905 -18.662445327518174
63141.011899524674 -0.14206133110344552 -0.36541535341952064 z 1.3567470738877228 27.415028709158676 0.05048938655844976 21.84754675169782 359.45586330208977 -18.386126487127523
63141.0756133152 -0.14305165866657996 -0.3657628900222249 z 1.1826110320088452 31.420144850792884 0.03894439690149986 21.995595446310915 359.45586330208977 -18.386126487127523
62715.17896822294 0.7128999669776551 0.0824766022056932 y 0.9890152135017833 24.392354398088134 0.04176107595260076 21.72070929239911 359.58826305472536 -18.842685529451344
61317.04087633184 -0.17078884814024478 -0.38806776055508807 z 0.8783089244431652 70.29212018362526 0.016004005216777504 22.86984159642585 359.5249789481133 -19.156139604376396
60573.0763972248 0.042061318132350624 -0.300175221289606 z 0.7635563749724823 53.5878974036049 0.01740760335793006 22.575241782220274 359.6767327915857 -18.70398450164482
63461.19626396076 0.5287265232398771 -0.04595560517297437 z 1.087175648765486 52.11028599828892 0.023135768188727136 22.54488363096852 359.1883088649532 -18.79737731691856
63201.173211141366 -0.8454002530094187 -0.4584895372979546 y 1.3127641472675686 15.248983063488218 0.08666748635596583 21.210677194327335 359.6105964124875 -18.83459249473092
63201.15075135792 -0.8452731261328484 -0.4585548119142961 y 1.2699634625776683 17.648017598463127 0.07265218791134356 21.36931480958831 359.6105964124875 -18.83459249473092
60573.28376717475 0.03880286058699753 -0.3015350618241524 y 0.8346146947117787 29.659832382740294 0.029863605847836525 21.93299672006343 359.6767327915857 -18.70398450164482
63141.34035054878 -0.147164768232627 -0.36720227679519524 z 1.592566081462248 18.64235630022263 0.0860105971697011 21.428826999482474 359.45586330208977 -18.386126487127523
61329.05421348832 -0.3504316118722184 -0.44047510671694023 y 1.1923730969310928 25.137973310223586 0.048475799202903624 21.75340064114392 359.58335137412166 -19.099126626992692
63046.32474833181 0.9235333175118491 0.3321342356047759 z 1.6869160148841762 36.77428036860776 0.046949503896341276 22.166435446227833 359.18359910056347 -19.16270154315846
61262.152482119694 0.6365510788949462 0.015519394255816357 y 1.2964903064190527 17.957089201293336 0.07288859479837677 21.388164839160222 359.9653467268869 -19.182146960300667
62715.439376745395 0.710261601217658 0.08032770953615803 y 0.8838269088940166 20.58446401212627 0.04408573087837152 21.53642389695613 359.58826305472536 -18.842685529451344
60913.162468881164 0.4243845434410392 -0.11624610717092455 y 0.68571735942424 42.411033717573794 0.019010950660828346 22.321272134136564 359.75464202005645 -18.931194605982974
